   3.5000000e+02   1.5000000e-01   9.4000000e-01
   3.7500000e+02   5.3000000e-01   9.2000000e-01
   4.0000000e+02   7.5000000e-01   9.0000000e-01
   4.2500000e+02   7.8000000e-01   9.1000000e-01
   4.5000000e+02   7.5000000e-01   9.1000000e-01
   4.7500000e+02   6.6000000e-01   9.0000000e-01
   5.0000000e+02   7.2000000e-01   8.7000000e-01
   5.2500000e+02   7.6000000e-01   6.9000000e-01
   5.5000000e+02   8.6000000e-01   6.0000000e-01
   5.7500000e+02   9.4000000e-01   6.8000000e-01
   6.0000000e+02   1.0000000e+00   7.5000000e-01
   6.2500000e+02   9.9000000e-01   8.0000000e-01
   6.5000000e+02   9.4000000e-01   8.6000000e-01
   6.7500000e+02   9.6000000e-01   9.1000000e-01
   7.0000000e+02   4.6000000e-01   6.9000000e-01
   7.2500000e+02   2.9000000e-01   2.3000000e-01
   7.5000000e+02   2.6757085e-01   6.0000000e-02
