   2.8500000e+02   5.8725079e-05   5.8721630e-05   5.8690612e-05   5.8707840e-05   5.8735426e-05   5.8649306e-05   5.8846029e-05   8.6587929e-20
   2.8600000e+02   5.8725079e-05   5.8721630e-05   5.8690612e-05   5.8707840e-05   5.8735426e-05   5.8649306e-05   5.8846029e-05   2.2691801e-18
   2.8700000e+02   5.8725079e-05   5.8721630e-05   5.8690612e-05   5.8707840e-05   5.8735426e-05   5.8649306e-05   5.8846029e-05   7.0287966e-17
   2.8800000e+02   5.8725079e-05   5.8721630e-05   5.8690612e-05   5.8707840e-05   5.8735426e-05   5.8649306e-05   5.8846029e-05   2.7281941e-15
   2.8900000e+02   5.8725079e-05   5.8721630e-05   5.8690612e-05   5.8707840e-05   5.8735426e-05   5.8649306e-05   5.8846029e-05   3.4124983e-14
   2.9000000e+02   5.8725079e-05   5.8721630e-05   5.8690612e-05   5.8707840e-05   5.8735426e-05   5.8649306e-05   5.8846029e-05   5.0372879e-13
   2.9100000e+02   5.8725079e-05   5.8721630e-05   5.8690612e-05   5.8707840e-05   5.8735426e-05   5.8649306e-05   5.8846029e-05   3.8277829e-12
   2.9200000e+02   5.8725079e-05   5.8721630e-05   5.8690612e-05   5.8707840e-05   5.8735426e-05   5.8649306e-05   5.8846029e-05   4.0207358e-11
   2.9300000e+02   5.8725079e-05   5.8721630e-05   5.8690612e-05   5.8707840e-05   5.8735426e-05   5.8649306e-05   5.8846029e-05   1.5588469e-10
   2.9400000e+02   5.8725079e-05   5.8721630e-05   5.8690612e-05   5.8707840e-05   5.8735426e-05   5.8649306e-05   5.8846029e-05   9.3848045e-10
   2.9500000e+02   5.8725079e-05   5.8721630e-05   5.8690612e-05   5.8707840e-05   5.8735426e-05   5.8649306e-05   5.8846029e-05   3.2112750e-09
   2.9600000e+02   5.8725079e-05   5.8721630e-05   5.8690612e-05   5.8707840e-05   5.8735426e-05   5.8649306e-05   5.8846029e-05   1.4725852e-08
   2.9700000e+02   5.8725079e-05   5.8721630e-05   5.8690612e-05   5.8707840e-05   5.8735426e-05   5.8649306e-05   5.8846029e-05   3.3273928e-08
   2.9800000e+02   5.8725079e-05   5.8721630e-05   5.8690612e-05   5.8707840e-05   5.8735426e-05   5.8649306e-05   5.8846029e-05   1.1193708e-07
   2.9900000e+02   5.8725079e-05   5.8721630e-05   5.8690612e-05   5.8707840e-05   5.8735426e-05   5.8649306e-05   5.8846029e-05   2.0513447e-07
   3.0000000e+02   5.8725079e-05   5.8721630e-05   5.8690612e-05   5.8707840e-05   5.8735426e-05   5.8649306e-05   5.8846029e-05   4.6212651e-07
   3.0100000e+02   5.8725079e-05   5.8721630e-05   5.8690612e-05   5.8707840e-05   5.8735426e-05   5.8649306e-05   5.8846029e-05   9.3408091e-07
   3.0200000e+02   5.8725079e-05   5.8721630e-05   5.8690612e-05   5.8707840e-05   5.8735426e-05   5.8649306e-05   5.8846029e-05   1.4854092e-06
   3.0300000e+02   5.8725079e-05   5.8721630e-05   5.8690612e-05   5.8707840e-05   5.8735426e-05   5.8649306e-05   5.8846029e-05   3.8185943e-06
   3.0400000e+02   5.8725079e-05   5.8721630e-05   5.8690612e-05   5.8707840e-05   5.8735426e-05   5.8649306e-05   5.8846029e-05   5.2311046e-06
   3.0500000e+02   5.8725079e-05   5.8721630e-05   5.8690612e-05   5.8707840e-05   5.8735426e-05   5.8649306e-05   5.8846029e-05   9.1982663e-06
   3.0600000e+02   5.8725079e-05   5.8721630e-05   5.8690612e-05   5.8707840e-05   5.8735426e-05   5.8649306e-05   5.8846029e-05   1.0484968e-05
   3.0700000e+02   5.8725079e-05   5.8721630e-05   5.8690612e-05   5.8707840e-05   5.8735426e-05   5.8649306e-05   5.8846029e-05   1.5800613e-05
   3.0800000e+02   5.8725079e-05   5.8721630e-05   5.8690612e-05   5.8707840e-05   5.8735426e-05   5.8649306e-05   5.8846029e-05   2.1578002e-05
   3.0900000e+02   5.8725079e-05   5.8721630e-05   5.8690612e-05   5.8707840e-05   5.8735426e-05   5.8649306e-05   5.8846029e-05   2.3259695e-05
   3.1000000e+02   5.8725079e-05   5.8721630e-05   5.8690612e-05   5.8707840e-05   5.8735426e-05   5.8649306e-05   5.8846029e-05   2.9120049e-05
   3.1100000e+02   5.8725079e-05   5.8721630e-05   5.8690612e-05   5.8707840e-05   5.8735426e-05   5.8649306e-05   5.8846029e-05   4.7656190e-05
   3.1200000e+02   5.8725079e-05   5.8721630e-05   5.8690612e-05   5.8707840e-05   5.8735426e-05   5.8649306e-05   5.8846029e-05   5.3608661e-05
   3.1300000e+02   5.8725079e-05   5.8721630e-05   5.8690612e-05   5.8707840e-05   5.8735426e-05   5.8649306e-05   5.8846029e-05   6.1625977e-05
   3.1400000e+02   5.8725079e-05   5.8721630e-05   5.8690612e-05   5.8707840e-05   5.8735426e-05   5.8649306e-05   5.8846029e-05   6.9182502e-05
   3.1500000e+02   5.8725079e-05   5.8721630e-05   5.8690612e-05   5.8707840e-05   5.8735426e-05   5.8649306e-05   5.8846029e-05   7.8356526e-05
   3.1600000e+02   5.8725079e-05   5.8721630e-05   5.8690612e-05   5.8707840e-05   5.8735426e-05   5.8649306e-05   5.8846029e-05   7.1566792e-05
   3.1700000e+02   5.8725079e-05   5.8721630e-05   5.8690612e-05   5.8707840e-05   5.8735426e-05   5.8649306e-05   5.8846029e-05   9.9544031e-05
   3.1800000e+02   5.8725079e-05   5.8721630e-05   5.8690612e-05   5.8707840e-05   5.8735426e-05   5.8649306e-05   5.8846029e-05   1.0285852e-04
   3.1900000e+02   5.8725079e-05   5.8721630e-05   5.8690612e-05   5.8707840e-05   5.8735426e-05   5.8649306e-05   5.8846029e-05   1.1814532e-04
   3.2000000e+02   5.8725079e-05   5.8721630e-05   5.8690612e-05   5.8707840e-05   5.8735426e-05   5.8649306e-05   5.8846029e-05   1.2182129e-04
   3.2100000e+02   5.8725079e-05   5.8721630e-05   5.8690612e-05   5.8707840e-05   5.8735426e-05   5.8649306e-05   5.8846029e-05   1.4535935e-04
   3.2200000e+02   5.8725079e-05   5.8721630e-05   5.8690612e-05   5.8707840e-05   5.8735426e-05   5.8649306e-05   5.8846029e-05   1.3261582e-04
   3.2300000e+02   5.8725079e-05   5.8721630e-05   5.8690612e-05   5.8707840e-05   5.8735426e-05   5.8649306e-05   5.8846029e-05   1.2673612e-04
   3.2400000e+02   5.8725079e-05   5.8721630e-05   5.8690612e-05   5.8707840e-05   5.8735426e-05   5.8649306e-05   5.8846029e-05   1.6244621e-04
   3.2500000e+02   5.8725079e-05   5.8721630e-05   5.8690612e-05   5.8707840e-05   5.8735426e-05   5.8649306e-05   5.8846029e-05   1.7010096e-04
   3.2600000e+02   5.8725079e-05   5.8721630e-05   5.8690612e-05   5.8707840e-05   5.8735426e-05   5.8649306e-05   5.8846029e-05   2.2965614e-04
   3.2700000e+02   5.8725079e-05   5.8721630e-05   5.8690612e-05   5.8707840e-05   5.8735426e-05   5.8649306e-05   5.8846029e-05   2.4102422e-04
   3.2800000e+02   5.8725079e-05   5.8721630e-05   5.8690612e-05   5.8707840e-05   5.8735426e-05   5.8649306e-05   5.8846029e-05   2.1894047e-04
   3.2900000e+02   5.8725079e-05   5.8721630e-05   5.8690612e-05   5.8707840e-05   5.8735426e-05   5.8649306e-05   5.8846029e-05   2.5874712e-04
   3.3000000e+02   5.8725079e-05   5.8721630e-05   5.8690612e-05   5.8707840e-05   5.8735426e-05   5.8649306e-05   5.8846029e-05   2.9178451e-04
   3.3100000e+02   5.8725079e-05   5.8721630e-05   5.8690612e-05   5.8707840e-05   5.8735426e-05   5.8649306e-05   5.8846029e-05   2.5515768e-04
   3.3200000e+02   5.8725079e-05   5.8721630e-05   5.8690612e-05   5.8707840e-05   5.8735426e-05   5.8649306e-05   5.8846029e-05   2.7467908e-04
   3.3300000e+02   5.8725079e-05   5.8721630e-05   5.8690612e-05   5.8707840e-05   5.8735426e-05   5.8649306e-05   5.8846029e-05   2.7275226e-04
   3.3400000e+02   5.8725079e-05   5.8721630e-05   5.8690612e-05   5.8707840e-05   5.8735426e-05   5.8649306e-05   5.8846029e-05   2.6861023e-04
   3.3500000e+02   5.8725079e-05   5.8721630e-05   5.8690612e-05   5.8707840e-05   5.8735426e-05   5.8649306e-05   5.8846029e-05   2.9942855e-04
   3.3600000e+02   5.8725079e-05   5.8721630e-05   5.8690612e-05   5.8707840e-05   5.8735426e-05   5.8649306e-05   5.8846029e-05   2.7010525e-04
   3.3700000e+02   5.8725079e-05   5.8721630e-05   5.8690612e-05   5.8707840e-05   5.8735426e-05   5.8649306e-05   5.8846029e-05   2.4763277e-04
   3.3800000e+02   5.8725079e-05   5.8721630e-05   5.8690612e-05   5.8707840e-05   5.8735426e-05   5.8649306e-05   5.8846029e-05   2.8891972e-04
   3.3900000e+02   5.8725079e-05   5.8721630e-05   5.8690612e-05   5.8707840e-05   5.8735426e-05   5.8649306e-05   5.8846029e-05   3.1008768e-04
   3.4000000e+02   5.8725079e-05   5.8721630e-05   5.8690612e-05   5.8707840e-05   5.8735426e-05   5.8649306e-05   5.8846029e-05   3.4041999e-04
   3.4100000e+02   5.8725079e-05   5.8721630e-05   5.8690612e-05   5.8707840e-05   5.8735426e-05   5.8649306e-05   5.8846029e-05   3.2154077e-04
   3.4200000e+02   5.8725079e-05   5.8721630e-05   5.8690612e-05   5.8707840e-05   5.8735426e-05   5.8649306e-05   5.8846029e-05   3.3621108e-04
   3.4300000e+02   5.8725079e-05   5.8721630e-05   5.8690612e-05   5.8707840e-05   5.8735426e-05   5.8649306e-05   5.8846029e-05   3.5729542e-04
   3.4400000e+02   5.8725079e-05   5.8721630e-05   5.8690612e-05   5.8707840e-05   5.8735426e-05   5.8649306e-05   5.8846029e-05   2.9440847e-04
   3.4500000e+02   5.8725079e-05   5.8721630e-05   5.8690612e-05   5.8707840e-05   5.8735426e-05   5.8649306e-05   5.8846029e-05   3.2440407e-04
   3.4600000e+02   5.8725079e-05   5.8721630e-05   5.8690612e-05   5.8707840e-05   5.8735426e-05   5.8649306e-05   5.8846029e-05   3.4027186e-04
   3.4700000e+02   5.8725079e-05   5.8721630e-05   5.8690612e-05   5.8707840e-05   5.8735426e-05   5.8649306e-05   5.8846029e-05   3.5514823e-04
   3.4800000e+02   5.8725079e-05   5.8721630e-05   5.8690612e-05   5.8707840e-05   5.8735426e-05   5.8649306e-05   5.8846029e-05   3.4428288e-04
   3.4900000e+02   5.8725079e-05   5.8721630e-05   5.8690612e-05   5.8707840e-05   5.8735426e-05   5.8649306e-05   5.8846029e-05   3.4006472e-04
   3.5000000e+02   5.8725079e-05   5.8721630e-05   5.8690612e-05   5.8707840e-05   5.8735426e-05   5.8649306e-05   5.8846029e-05   3.8887958e-04
   3.5100000e+02   5.8725079e-05   5.8721630e-05   5.8690612e-05   5.8707840e-05   5.8735426e-05   5.8649306e-05   5.8846029e-05   4.1001570e-04
   3.5200000e+02   5.8725079e-05   5.8721630e-05   5.8690612e-05   5.8707840e-05   5.8735426e-05   5.8649306e-05   5.8846029e-05   3.8826174e-04
   3.5300000e+02   5.8725079e-05   5.8721630e-05   5.8690612e-05   5.8707840e-05   5.8735426e-05   5.8649306e-05   5.8846029e-05   3.9295167e-04
   3.5400000e+02   5.8725079e-05   5.8721630e-05   5.8690612e-05   5.8707840e-05   5.8735426e-05   5.8649306e-05   5.8846029e-05   4.6036575e-04
   3.5500000e+02   5.8725079e-05   5.8721630e-05   5.8690612e-05   5.8707840e-05   5.8735426e-05   5.8649306e-05   5.8846029e-05   4.6906044e-04
   3.5600000e+02   5.8725079e-05   5.8721630e-05   5.8690612e-05   5.8707840e-05   5.8735426e-05   5.8649306e-05   5.8846029e-05   4.2816273e-04
   3.5700000e+02   5.8725079e-05   5.8721630e-05   5.8690612e-05   5.8707840e-05   5.8735426e-05   5.8649306e-05   5.8846029e-05   3.5585017e-04
   3.5800000e+02   5.8725079e-05   5.8721630e-05   5.8690612e-05   5.8707840e-05   5.8735426e-05   5.8649306e-05   5.8846029e-05   3.3761900e-04
   3.5900000e+02   5.8725079e-05   5.8721630e-05   5.8690612e-05   5.8707840e-05   5.8735426e-05   5.8649306e-05   5.8846029e-05   3.7145359e-04
   3.6000000e+02   5.8725079e-05   5.8721630e-05   5.8690612e-05   5.8707840e-05   5.8735426e-05   5.8649306e-05   5.8846029e-05   4.7688222e-04
   3.6100000e+02   5.8725079e-05   5.8721630e-05   5.8690612e-05   5.8707840e-05   5.8735426e-05   5.8649306e-05   5.8846029e-05   4.1773640e-04
   3.6200000e+02   5.8725079e-05   5.8721630e-05   5.8690612e-05   5.8707840e-05   5.8735426e-05   5.8649306e-05   5.8846029e-05   4.3199392e-04
   3.6300000e+02   5.8725079e-05   5.8721630e-05   5.8690612e-05   5.8707840e-05   5.8735426e-05   5.8649306e-05   5.8846029e-05   4.9023075e-04
   3.6400000e+02   5.8725079e-05   5.8721630e-05   5.8690612e-05   5.8707840e-05   5.8735426e-05   5.8649306e-05   5.8846029e-05   4.9731972e-04
   3.6500000e+02   0.0000000e+00   5.8721630e-05   5.8690612e-05   5.8707840e-05   5.8735426e-05   5.8649306e-05   5.8846029e-05   5.1517250e-04
   3.6600000e+02   5.8725079e-05   5.8721630e-05   5.8690612e-05   5.8707840e-05   5.8735426e-05   5.8649306e-05   5.8846029e-05   6.1169666e-04
   3.6700000e+02   5.8725079e-05   5.8721630e-05   5.8690612e-05   5.8707840e-05   5.8735426e-05   5.8649306e-05   5.8846029e-05   6.0545119e-04
   3.6800000e+02   5.8725079e-05   5.8721630e-05   5.8690612e-05   5.8707840e-05   5.8735426e-05   5.8649306e-05   5.8846029e-05   5.6299919e-04
   3.6900000e+02   5.8725079e-05   5.8721630e-05   5.8690612e-05   5.8707840e-05   5.8735426e-05   5.8649306e-05   5.8846029e-05   5.8850841e-04
   3.7000000e+02   5.8725079e-05   5.8721630e-05   5.8690612e-05   5.8707840e-05   5.8735426e-05   5.8649306e-05   5.8846029e-05   6.4533645e-04
   3.7100000e+02   5.8725079e-05   5.8721630e-05   5.8690612e-05   5.8707840e-05   5.8735426e-05   5.8649306e-05   5.8846029e-05   5.9650745e-04
   3.7200000e+02   5.8725079e-05   5.8721630e-05   5.8690612e-05   5.8707840e-05   5.8735426e-05   5.8649306e-05   5.8846029e-05   5.8402517e-04
   3.7300000e+02   5.8725079e-05   5.8721630e-05   5.8690612e-05   5.8707840e-05   5.8735426e-05   5.8649306e-05   5.8846029e-05   5.3934536e-04
   3.7400000e+02   5.8725079e-05   5.8721630e-05   5.8690612e-05   5.8707840e-05   5.8735426e-05   5.8649306e-05   5.8846029e-05   4.8799119e-04
   3.7500000e+02   5.8725079e-05   5.8721630e-05   5.8690612e-05   5.8707840e-05   5.8735426e-05   5.8649306e-05   5.8846029e-05   5.2013409e-04
   3.7600000e+02   5.8725079e-05   5.8721630e-05   5.8690612e-05   5.8707840e-05   5.8735426e-05   5.8649306e-05   5.8846029e-05   5.9934247e-04
   3.7700000e+02   5.8725079e-05   5.8721630e-05   5.8690612e-05   5.8707840e-05   5.8735426e-05   5.8649306e-05   5.8846029e-05   6.3652077e-04
   3.7800000e+02   5.8725079e-05   5.8721630e-05   5.8690612e-05   5.8707840e-05   5.8735426e-05   5.8649306e-05   5.8846029e-05   7.6964341e-04
   3.7900000e+02   5.8725079e-05   5.8721630e-05   5.8690612e-05   5.8707840e-05   5.8735426e-05   5.8649306e-05   5.8846029e-05   6.7318849e-04
   3.8000000e+02   5.8725079e-05   5.8721630e-05   5.8690612e-05   5.8707840e-05   5.8735426e-05   5.8649306e-05   5.8846029e-05   6.3821210e-04
   3.8100000e+02   5.8725079e-05   5.8721630e-05   5.8690612e-05   5.8707840e-05   5.8735426e-05   5.8649306e-05   5.8846029e-05   6.9999519e-04
   3.8200000e+02   5.8725079e-05   5.8721630e-05   5.8690612e-05   5.8707840e-05   5.8735426e-05   5.8649306e-05   5.8846029e-05   5.4107539e-04
   3.8300000e+02   5.8725079e-05   5.8721630e-05   5.8690612e-05   5.8707840e-05   5.8735426e-05   5.8649306e-05   5.8846029e-05   4.2211909e-04
   3.8400000e+02   5.8725079e-05   5.8721630e-05   5.8690612e-05   5.8707840e-05   5.8735426e-05   5.8649306e-05   5.8846029e-05   4.7560533e-04
   3.8500000e+02   5.8725079e-05   5.8721630e-05   5.8690612e-05   5.8707840e-05   5.8735426e-05   5.8649306e-05   5.8846029e-05   6.3214406e-04
   3.8600000e+02   5.8725079e-05   5.8721630e-05   5.8690612e-05   5.8707840e-05   5.8735426e-05   5.8649306e-05   5.8846029e-05   5.8617193e-04
   3.8700000e+02   5.8725079e-05   5.8721630e-05   5.8690612e-05   5.8707840e-05   5.8735426e-05   5.8649306e-05   5.8846029e-05   6.1850951e-04
   3.8800000e+02   5.8725079e-05   5.8721630e-05   5.8690612e-05   5.8707840e-05   5.8735426e-05   5.8649306e-05   5.8846029e-05   6.0710119e-04
   3.8900000e+02   5.8725079e-05   5.8721630e-05   5.8690612e-05   5.8707840e-05   5.8735426e-05   5.8649306e-05   5.8846029e-05   6.5818648e-04
   3.9000000e+02   5.8725079e-05   5.8721630e-05   5.8690612e-05   5.8707840e-05   5.8735426e-05   5.8649306e-05   5.8846029e-05   7.6962781e-04
   3.9100000e+02   5.8725079e-05   5.8721630e-05   5.8690612e-05   5.8707840e-05   5.8735426e-05   5.8649306e-05   5.8846029e-05   8.2673541e-04
   3.9200000e+02   5.8725079e-05   5.8721630e-05   5.8690612e-05   5.8707840e-05   5.8735426e-05   5.8649306e-05   5.8846029e-05   7.7620805e-04
   3.9300000e+02   5.8725079e-05   5.8721630e-05   5.8690612e-05   5.8707840e-05   5.8735426e-05   5.8649306e-05   5.8846029e-05   4.7100445e-04
   3.9400000e+02   5.8725079e-05   5.8721630e-05   5.8690612e-05   5.8707840e-05   5.8735426e-05   5.8649306e-05   5.8846029e-05   4.8920126e-04
   3.9500000e+02   5.8725079e-05   5.8721630e-05   5.8690612e-05   5.8707840e-05   5.8735426e-05   5.8649306e-05   5.8846029e-05   8.0135009e-04
   3.9600000e+02   5.8725079e-05   5.8721630e-05   5.8690612e-05   5.8707840e-05   5.8735426e-05   5.8649306e-05   5.8846029e-05   7.5454457e-04
   3.9700000e+02   5.8725079e-05   5.8721630e-05   5.8690612e-05   5.8707840e-05   5.8735426e-05   5.8649306e-05   5.8846029e-05   4.2728308e-04
   3.9800000e+02   5.8725079e-05   5.8721630e-05   5.8690612e-05   5.8707840e-05   5.8735426e-05   5.8649306e-05   5.8846029e-05   8.5913718e-04
   3.9900000e+02   5.8725079e-05   5.8721630e-05   5.8690612e-05   5.8707840e-05   5.8735426e-05   5.8649306e-05   5.8846029e-05   1.0830582e-03
   4.0000000e+02   5.8725079e-05   5.8721630e-05   5.8690612e-05   5.8707840e-05   1.1747085e-04   5.8649306e-05   1.1769206e-04   1.1341279e-03
   4.0100000e+02   5.8725079e-05   5.8721630e-05   5.8690612e-05   5.8707840e-05   1.1747085e-04   1.1729861e-04   1.1769206e-04   1.1870774e-03
   4.0200000e+02   5.8725079e-05   5.8721630e-05   5.8690612e-05   5.8707840e-05   1.1747085e-04   1.1729861e-04   1.1769206e-04   1.2401954e-03
   4.0300000e+02   5.8725079e-05   5.8721630e-05   5.8690612e-05   1.1741568e-04   1.1747085e-04   1.1729861e-04   1.1769206e-04   1.2000723e-03
   4.0400000e+02   5.8725079e-05   5.8721630e-05   1.1738122e-04   1.1741568e-04   1.1747085e-04   1.1729861e-04   1.7653809e-04   1.2253898e-03
   4.0500000e+02   5.8725079e-05   5.8721630e-05   1.1738122e-04   1.1741568e-04   1.7620628e-04   1.7594792e-04   1.7653809e-04   1.2010787e-03
   4.0600000e+02   5.8725079e-05   5.8721630e-05   1.1738122e-04   1.1741568e-04   1.7620628e-04   1.7594792e-04   2.3538412e-04   1.1770301e-03
   4.0700000e+02   5.8725079e-05   5.8721630e-05   1.1738122e-04   1.7612352e-04   2.3494171e-04   2.3459723e-04   2.3538412e-04   1.1616144e-03
   4.0800000e+02   5.8725079e-05   5.8721630e-05   1.7607184e-04   1.7612352e-04   2.9367713e-04   2.9324653e-04   2.9423015e-04   1.2187768e-03
   4.0900000e+02   5.8725079e-05   5.8721630e-05   1.7607184e-04   2.3483136e-04   3.5241256e-04   3.5189584e-04   3.5307618e-04   1.3077685e-03
   4.1000000e+02   5.8725079e-05   5.8721630e-05   2.3476245e-04   2.9353920e-04   4.1114798e-04   4.1054515e-04   4.7076823e-04   1.1198650e-03
   4.1100000e+02   5.8725079e-05   5.8721630e-05   2.9345306e-04   3.5224704e-04   5.2861884e-04   4.6919445e-04   5.2961426e-04   1.2594003e-03
   4.1200000e+02   5.8725079e-05   5.8721630e-05   3.5214367e-04   4.1095488e-04   6.4608969e-04   5.8649306e-04   6.4730632e-04   1.3447466e-03
   4.1300000e+02   5.8725079e-05   5.8721630e-05   4.1083429e-04   4.6966272e-04   7.6356054e-04   7.0379168e-04   8.2384441e-04   1.2959366e-03
   4.1400000e+02   5.8725079e-05   5.8721630e-05   4.6952490e-04   5.8707840e-04   9.3976682e-04   8.2109029e-04   1.0003825e-03   1.2876561e-03
   4.1500000e+02   5.8725079e-05   5.8721630e-05   5.8690612e-04   7.0449409e-04   1.1159731e-03   9.9703821e-04   1.1769206e-03   1.3388896e-03
   4.1600000e+02   5.8725079e-05   5.8721630e-05   7.0428735e-04   8.2190977e-04   1.3509148e-03   1.2316354e-03   1.4711507e-03   1.3850747e-03
   4.1700000e+02   5.8725079e-05   5.8721630e-05   8.2166857e-04   9.9803329e-04   1.6445919e-03   1.5248820e-03   1.7653809e-03   1.3569276e-03
   4.1800000e+02   5.8725079e-05   5.8721630e-05   9.9774041e-04   1.2328646e-03   1.9382691e-03   1.8181285e-03   2.1184571e-03   1.3037379e-03
   4.1900000e+02   5.8725079e-05   5.8721630e-05   1.1738122e-03   1.4676960e-03   2.3494171e-03   2.1700243e-03   2.5892253e-03   1.3628982e-03
   4.2000000e+02   5.8725079e-05   5.8721630e-05   1.4085747e-03   1.7612352e-03   2.8193005e-03   2.6392188e-03   3.1188396e-03   1.2543254e-03
   4.2100000e+02   5.8725079e-05   5.8721630e-05   1.6433371e-03   2.1134823e-03   3.3479193e-03   3.1670625e-03   3.7072998e-03   1.4307436e-03
   4.2200000e+02   5.8725079e-05   5.8721630e-05   1.9954808e-03   2.5831450e-03   3.9940090e-03   3.7535556e-03   4.4134522e-03   1.4174599e-03
   4.2300000e+02   5.8725079e-05   5.8721630e-05   2.3476245e-03   3.0528077e-03   4.6988341e-03   4.5159966e-03   5.2372966e-03   1.3784366e-03
   4.2400000e+02   0.0000000e+00   5.8721630e-05   2.7584588e-03   3.6398861e-03   5.5211301e-03   5.3370869e-03   6.1788331e-03   1.3766999e-03
   4.2500000e+02   5.8725079e-05   5.8721630e-05   3.2279837e-03   4.2856724e-03   6.4608969e-03   6.2754758e-03   7.2969076e-03   1.4248538e-03
   4.2600000e+02   5.8725079e-05   5.8721630e-05   3.7561992e-03   5.0488743e-03   7.5181346e-03   7.3311633e-03   8.4738282e-03   1.3901686e-03
   4.2700000e+02   5.8725079e-05   1.1744326e-04   4.2844147e-03   5.9294919e-03   8.6341077e-03   8.5627987e-03   9.8272869e-03   1.3485011e-03
   4.2800000e+02   5.8725079e-05   1.1744326e-04   4.9300114e-03   6.9275252e-03   9.8675516e-03   9.9703821e-03   1.1357284e-02   1.3671913e-03
   4.2900000e+02   5.8725079e-05   1.1744326e-04   5.6342988e-03   8.0429741e-03   1.1218466e-02   1.1377965e-02   1.3063819e-02   1.2710517e-03
   4.3000000e+02   5.8725079e-05   1.1744326e-04   6.3385861e-03   9.2758388e-03   1.2686852e-02   1.2961497e-02   1.4946891e-02   1.0180678e-03
   4.3100000e+02   5.8725079e-05   1.1744326e-04   7.0428735e-03   1.0567411e-02   1.4096502e-02   1.4603677e-02   1.6829964e-02   9.2797143e-04
   4.3200000e+02   5.8725079e-05   1.7616489e-04   7.6884702e-03   1.1917692e-02   1.5506153e-02   1.6245858e-02   1.8830729e-02   1.5499401e-03
   4.3300000e+02   5.8725079e-05   1.7616489e-04   8.2753764e-03   1.3326680e-02   1.6857067e-02   1.7829389e-02   2.0890340e-02   1.4478448e-03
   4.3400000e+02   5.8725079e-05   2.3488652e-04   8.8035919e-03   1.4676960e-02   1.8090511e-02   1.9295622e-02   2.2832259e-02   1.3428146e-03
   4.3500000e+02   5.8725079e-05   2.3488652e-04   9.1557355e-03   1.5968533e-02   1.9030278e-02   2.0585907e-02   2.4597640e-02   1.4787623e-03
   4.3600000e+02   5.8725079e-05   2.9360815e-04   9.3904980e-03   1.7025274e-02   1.9735103e-02   2.1641594e-02   2.6127637e-02   1.6280229e-03
   4.3700000e+02   5.8725079e-05   3.5232978e-04   9.3904980e-03   1.7788476e-02   2.0028780e-02   2.2462684e-02   2.7245712e-02   1.6679001e-03
   4.3800000e+02   5.8725079e-05   3.5232978e-04   9.2731168e-03   1.8316846e-02   2.0087516e-02   2.2990528e-02   2.7951864e-02   1.4692655e-03
   4.3900000e+02   5.8725079e-05   4.1105141e-04   8.9209731e-03   1.8492970e-02   1.9793839e-02   2.3166476e-02   2.8246094e-02   1.4190462e-03
   4.4000000e+02   5.8725079e-05   4.6977304e-04   8.5101388e-03   1.8316846e-02   1.9265220e-02   2.3107827e-02   2.8128402e-02   1.6328584e-03
   4.4100000e+02   5.8725079e-05   5.2849467e-04   7.9819233e-03   1.7847183e-02   1.8501659e-02   2.2814580e-02   2.7657634e-02   1.6166204e-03
   4.4200000e+02   5.8725079e-05   6.4593793e-04   7.3950172e-03   1.7083982e-02   1.7679363e-02   2.2286736e-02   2.6892635e-02   1.7368203e-03
   4.4300000e+02   5.8725079e-05   7.0465956e-04   6.8081110e-03   1.6203364e-02   1.6798332e-02   2.1641594e-02   2.5951099e-02   1.7681172e-03
   4.4400000e+02   5.8725079e-05   8.2210282e-04   6.2212049e-03   1.5264039e-02   1.6093507e-02   2.0937802e-02   2.5068409e-02   1.7292409e-03
   4.4500000e+02   5.8725079e-05   9.3954608e-04   5.6929894e-03   1.4266005e-02   1.5447417e-02   2.0116712e-02   2.4185718e-02   1.8014876e-03
   4.4600000e+02   5.8725079e-05   1.1157110e-03   5.2234645e-03   1.3267972e-02   1.4918798e-02   1.9412920e-02   2.3303028e-02   1.6209472e-03
   4.4700000e+02   5.8725079e-05   1.2331542e-03   4.8126302e-03   1.2387354e-02   1.4507650e-02   1.8767778e-02   2.2596875e-02   1.8495724e-03
   4.4800000e+02   5.8725079e-05   1.4093191e-03   4.4017959e-03   1.1565445e-02   1.4272709e-02   1.8239934e-02   2.2067261e-02   1.8786642e-03
   4.4900000e+02   5.8725079e-05   1.5854840e-03   4.0496523e-03   1.0802243e-02   1.4155238e-02   1.7829389e-02   2.1655339e-02   1.8808872e-03
   4.5000000e+02   5.8725079e-05   1.7616489e-03   3.7561992e-03   1.0156456e-02   1.4096502e-02   1.7477493e-02   2.1361109e-02   1.9567788e-03
   4.5100000e+02   5.8725079e-05   1.9965354e-03   3.4040555e-03   9.5693780e-03   1.4096502e-02   1.7184247e-02   2.1184571e-02   2.0364907e-03
   4.5200000e+02   5.8725079e-05   2.1727003e-03   3.1106025e-03   9.0410074e-03   1.4155238e-02   1.6949650e-02   2.1008032e-02   1.9564729e-03
   4.5300000e+02   5.8725079e-05   2.3488652e-03   2.8171494e-03   8.5126369e-03   1.4155238e-02   1.6715052e-02   2.0772648e-02   1.8127702e-03
   4.5400000e+02   5.8725079e-05   2.5250301e-03   2.5823869e-03   8.0429741e-03   1.4213973e-02   1.6480455e-02   2.0537264e-02   1.9510297e-03
   4.5500000e+02   5.8725079e-05   2.6424734e-03   2.2889339e-03   7.5733114e-03   1.4155238e-02   1.6187209e-02   2.0243034e-02   1.9438071e-03
   4.5600000e+02   5.8725079e-05   2.7011950e-03   2.0541714e-03   7.1036487e-03   1.4096502e-02   1.5893962e-02   1.9831112e-02   2.0147342e-03
   4.5700000e+02   5.8725079e-05   2.7599166e-03   1.8780996e-03   6.5752781e-03   1.3861561e-02   1.5483417e-02   1.9242652e-02   2.0384369e-03
   4.5800000e+02   5.8725079e-05   2.7599166e-03   1.6433371e-03   6.1056154e-03   1.3567883e-02   1.5014222e-02   1.8536499e-02   2.0016158e-03
   4.5900000e+02   5.8725079e-05   2.7011950e-03   1.4672653e-03   5.6359527e-03   1.3215471e-02   1.4486379e-02   1.7771501e-02   1.9925054e-03
   4.6000000e+02   5.8725079e-05   2.6424734e-03   1.3498841e-03   5.2249978e-03   1.2745588e-02   1.3841236e-02   1.6888810e-02   1.9862868e-03
   4.6100000e+02   5.8725079e-05   2.5250301e-03   1.2325029e-03   4.8140429e-03   1.2216969e-02   1.3196094e-02   1.6006120e-02   2.0628150e-03
   4.6200000e+02   5.8725079e-05   2.4075868e-03   1.1151216e-03   4.4030880e-03   1.1629614e-02   1.2492302e-02   1.5064584e-02   2.0886566e-03
   4.6300000e+02   5.8725079e-05   2.2314219e-03   9.9774041e-04   4.0508410e-03   1.0983525e-02   1.1729861e-02   1.4123047e-02   2.1025555e-03
   4.6400000e+02   5.8725079e-05   2.1139787e-03   9.3904980e-04   3.7573018e-03   1.0337435e-02   1.1026070e-02   1.3122665e-02   2.0449113e-03
   4.6500000e+02   5.8725079e-05   1.9378138e-03   8.8035919e-04   3.4050547e-03   9.6326099e-03   1.0263629e-02   1.2181128e-02   2.0257721e-03
   4.6600000e+02   5.8725079e-05   1.8203705e-03   8.2166857e-04   3.1702234e-03   8.9277848e-03   9.6184863e-03   1.1298438e-02   2.0749629e-03
   4.6700000e+02   5.8725079e-05   1.6442056e-03   7.0428735e-04   2.8766842e-03   8.2816951e-03   8.9146946e-03   1.0415747e-02   1.9889240e-03
   4.6800000e+02   5.8725079e-05   1.5267624e-03   6.4559674e-04   2.6418528e-03   7.6356054e-03   8.2695522e-03   9.6507488e-03   2.0819725e-03
   4.6900000e+02   5.8725079e-05   1.4093191e-03   5.8690612e-04   2.4657293e-03   7.0482512e-03   7.6830591e-03   8.9445965e-03   2.0973457e-03
   4.7000000e+02   5.8725079e-05   1.3505975e-03   5.2821551e-04   2.2308979e-03   6.5196323e-03   7.0965661e-03   8.2384441e-03   2.0228031e-03
   4.7100000e+02   5.8725079e-05   1.2331542e-03   5.2821551e-04   2.0547744e-03   6.0497489e-03   6.5687223e-03   7.6499838e-03   2.0630412e-03
   4.7200000e+02   5.8725079e-05   1.1744326e-03   4.6952490e-04   1.9373587e-03   5.6386009e-03   6.0408786e-03   7.1203696e-03   2.1767278e-03
   4.7300000e+02   5.8725079e-05   1.1157110e-03   4.1083429e-04   1.7612352e-03   5.2274529e-03   5.6303334e-03   6.5907553e-03   2.0987868e-03
   4.7400000e+02   5.8725079e-05   9.9826771e-04   3.5214367e-04   1.6438195e-03   4.8163050e-03   5.1611390e-03   6.1199871e-03   2.1288262e-03
   4.7500000e+02   0.0000000e+00   9.3954608e-04   3.5214367e-04   1.4676960e-03   4.4638924e-03   4.7505938e-03   5.6492188e-03   2.2056360e-03
   4.7600000e+02   0.0000000e+00   8.8082445e-04   2.9345306e-04   1.3502803e-03   4.1114798e-03   4.3986980e-03   5.1196046e-03   2.1370051e-03
   4.7700000e+02   0.0000000e+00   8.2210282e-04   2.9345306e-04   1.2328646e-03   3.7590673e-03   4.0468021e-03   4.7076823e-03   2.1564702e-03
   4.7800000e+02   0.0000000e+00   7.0465956e-04   2.3476245e-04   1.1154490e-03   3.4653902e-03   3.6949063e-03   4.2957601e-03   2.2331209e-03
   4.7900000e+02   0.0000000e+00   6.4593793e-04   2.3476245e-04   9.9803329e-04   3.1717130e-03   3.3430105e-03   3.8838379e-03   2.1968821e-03
   4.8000000e+02   0.0000000e+00   5.8721630e-04   2.3476245e-04   8.8061761e-04   2.8780359e-03   3.0497639e-03   3.5307618e-03   2.2401960e-03
   4.8100000e+02   5.8725079e-05   5.2849467e-04   1.7607184e-04   8.2190977e-04   2.5843588e-03   2.8151667e-03   3.2365316e-03   2.2466492e-03
   4.8200000e+02   0.0000000e+00   5.2849467e-04   1.7607184e-04   7.6320193e-04   2.3494171e-03   2.5219202e-03   2.9423015e-03   2.2615710e-03
   4.8300000e+02   0.0000000e+00   4.6977304e-04   1.7607184e-04   7.0449409e-04   2.1732108e-03   2.3459723e-03   2.6480713e-03   2.2406638e-03
   4.8400000e+02   0.0000000e+00   4.1105141e-04   1.7607184e-04   6.4578624e-04   1.9970045e-03   2.1113750e-03   2.4126872e-03   2.2044555e-03
   4.8500000e+02   0.0000000e+00   4.1105141e-04   1.7607184e-04   5.8707840e-04   1.8207982e-03   1.9354271e-03   2.2361491e-03   2.2032796e-03
   4.8600000e+02   0.0000000e+00   3.5232978e-04   1.1738122e-04   5.2837056e-04   1.6445919e-03   1.7594792e-03   2.0007650e-03   1.7912615e-03
   4.8700000e+02   0.0000000e+00   3.5232978e-04   1.1738122e-04   4.6966272e-04   1.5271211e-03   1.5835313e-03   1.8242269e-03   2.0114654e-03
   4.8800000e+02   5.8725079e-05   2.9360815e-04   1.1738122e-04   4.1095488e-04   1.3509148e-03   1.4662327e-03   1.7065349e-03   2.1831364e-03
   4.8900000e+02   5.8725079e-05   2.9360815e-04   1.1738122e-04   4.1095488e-04   1.2334440e-03   1.3489340e-03   1.5299968e-03   2.0621510e-03
   4.9000000e+02   5.8725079e-05   2.3488652e-04   1.1738122e-04   3.5224704e-04   1.1747085e-03   1.2316354e-03   1.4123047e-03   2.3105211e-03
   4.9100000e+02   5.8725079e-05   2.3488652e-04   1.1738122e-04   3.5224704e-04   1.0572377e-03   1.1143368e-03   1.2946126e-03   2.2268902e-03
   4.9200000e+02   5.8725079e-05   2.3488652e-04   1.1738122e-04   2.9353920e-04   9.3976682e-04   1.0556875e-03   1.1769206e-03   2.1289477e-03
   4.9300000e+02   5.8725079e-05   2.3488652e-04   5.8690612e-05   2.9353920e-04   8.8103139e-04   9.3838890e-04   1.0592285e-03   2.2832266e-03
   4.9400000e+02   5.8725079e-05   1.7616489e-04   5.8690612e-05   2.3483136e-04   8.2229597e-04   8.7973960e-04   1.0003825e-03   2.2349932e-03
   4.9500000e+02   5.8725079e-05   1.7616489e-04   5.8690612e-05   2.3483136e-04   7.6356054e-04   7.6244098e-04   8.8269044e-04   2.3792157e-03
   4.9600000e+02   5.8725079e-05   1.7616489e-04   5.8690612e-05   2.3483136e-04   7.0482512e-04   7.0379168e-04   8.2384441e-04   2.2684880e-03
   4.9700000e+02   5.8725079e-05   1.7616489e-04   5.8690612e-05   1.7612352e-04   6.4608969e-04   6.4514237e-04   7.6499838e-04   2.3133284e-03
   4.9800000e+02   5.8725079e-05   1.1744326e-04   5.8690612e-05   1.7612352e-04   5.8735426e-04   5.8649306e-04   7.0615235e-04   2.2562845e-03
   4.9900000e+02   5.8725079e-05   1.1744326e-04   5.8690612e-05   1.7612352e-04   5.2861884e-04   5.2784376e-04   5.8846029e-04   2.2621628e-03
   5.0000000e+02   5.8725079e-05   1.1744326e-04   5.8690612e-05   1.7612352e-04   4.6988341e-04   4.6919445e-04   5.2961426e-04   2.2602821e-03
   5.0100000e+02   0.0000000e+00   1.1744326e-04   5.8690612e-05   1.7612352e-04   4.1114798e-04   4.6919445e-04   5.2961426e-04   2.1969821e-03
   5.0200000e+02   0.0000000e+00   1.1744326e-04   5.8690612e-05   1.1741568e-04   4.1114798e-04   4.1054515e-04   4.7076823e-04   2.2015367e-03
   5.0300000e+02   0.0000000e+00   1.1744326e-04   5.8690612e-05   1.1741568e-04   3.5241256e-04   3.5189584e-04   4.1192221e-04   2.3088234e-03
   5.0400000e+02   0.0000000e+00   5.8721630e-05   5.8690612e-05   1.1741568e-04   3.5241256e-04   3.5189584e-04   4.1192221e-04   2.1577341e-03
   5.0500000e+02   0.0000000e+00   5.8721630e-05   5.8690612e-05   1.1741568e-04   2.9367713e-04   2.9324653e-04   3.5307618e-04   2.3181741e-03
   5.0600000e+02   0.0000000e+00   5.8721630e-05   5.8690612e-05   1.1741568e-04   2.9367713e-04   2.9324653e-04   3.5307618e-04   2.4175678e-03
   5.0700000e+02   0.0000000e+00   5.8721630e-05   5.8690612e-05   1.1741568e-04   2.3494171e-04   2.9324653e-04   2.9423015e-04   2.3187972e-03
   5.0800000e+02   0.0000000e+00   5.8721630e-05   5.8690612e-05   1.1741568e-04   2.3494171e-04   2.3459723e-04   2.9423015e-04   2.2654066e-03
   5.0900000e+02   0.0000000e+00   5.8721630e-05   5.8690612e-05   5.8707840e-05   2.3494171e-04   2.3459723e-04   2.3538412e-04   2.3798369e-03
   5.1000000e+02   0.0000000e+00   5.8721630e-05   5.8690612e-05   5.8707840e-05   1.7620628e-04   2.3459723e-04   2.3538412e-04   2.3237374e-03
   5.1100000e+02   0.0000000e+00   5.8721630e-05   5.8690612e-05   5.8707840e-05   1.7620628e-04   1.7594792e-04   2.3538412e-04   2.3724549e-03
   5.1200000e+02   0.0000000e+00   5.8721630e-05   5.8690612e-05   5.8707840e-05   1.7620628e-04   1.7594792e-04   1.7653809e-04   2.4413950e-03
   5.1300000e+02   0.0000000e+00   5.8721630e-05   5.8690612e-05   5.8707840e-05   1.7620628e-04   1.7594792e-04   1.7653809e-04   2.2993070e-03
   5.1400000e+02   0.0000000e+00   5.8721630e-05   5.8690612e-05   5.8707840e-05   1.1747085e-04   1.7594792e-04   1.7653809e-04   2.2562453e-03
   5.1500000e+02   0.0000000e+00   5.8721630e-05   5.8690612e-05   5.8707840e-05   1.1747085e-04   1.1729861e-04   1.7653809e-04   2.3270474e-03
   5.1600000e+02   0.0000000e+00   5.8721630e-05   5.8690612e-05   5.8707840e-05   1.1747085e-04   1.1729861e-04   1.7653809e-04   2.3540368e-03
   5.1700000e+02   0.0000000e+00   5.8721630e-05   5.8690612e-05   5.8707840e-05   1.1747085e-04   1.1729861e-04   1.1769206e-04   1.9227974e-03
   5.1800000e+02   0.0000000e+00   5.8721630e-05   5.8690612e-05   5.8707840e-05   1.1747085e-04   1.1729861e-04   1.1769206e-04   2.2042063e-03
   5.1900000e+02   0.0000000e+00   5.8721630e-05   5.8690612e-05   5.8707840e-05   1.1747085e-04   1.1729861e-04   1.1769206e-04   2.1413579e-03
   5.2000000e+02   0.0000000e+00   5.8721630e-05   5.8690612e-05   5.8707840e-05   1.1747085e-04   1.1729861e-04   1.1769206e-04   2.3433206e-03
   5.2100000e+02   0.0000000e+00   5.8721630e-05   5.8690612e-05   5.8707840e-05   5.8735426e-05   1.1729861e-04   1.1769206e-04   2.3659426e-03
   5.2200000e+02   0.0000000e+00   5.8721630e-05   5.8690612e-05   5.8707840e-05   5.8735426e-05   5.8649306e-05   1.1769206e-04   2.4247589e-03
   5.2300000e+02   0.0000000e+00   5.8721630e-05   5.8690612e-05   5.8707840e-05   5.8735426e-05   5.8649306e-05   1.1769206e-04   2.2909845e-03
   5.2400000e+02   0.0000000e+00   5.8721630e-05   5.8690612e-05   5.8707840e-05   5.8735426e-05   5.8649306e-05   5.8846029e-05   2.4697816e-03
   5.2500000e+02   0.0000000e+00   5.8721630e-05   5.8690612e-05   5.8707840e-05   5.8735426e-05   5.8649306e-05   5.8846029e-05   2.4562402e-03
   5.2600000e+02   0.0000000e+00   5.8721630e-05   5.8690612e-05   5.8707840e-05   5.8735426e-05   5.8649306e-05   5.8846029e-05   2.3934428e-03
   5.2700000e+02   0.0000000e+00   5.8721630e-05   5.8690612e-05   5.8707840e-05   5.8735426e-05   5.8649306e-05   5.8846029e-05   2.0983996e-03
   5.2800000e+02   0.0000000e+00   5.8721630e-05   5.8690612e-05   5.8707840e-05   5.8735426e-05   5.8649306e-05   5.8846029e-05   2.4077124e-03
   5.2900000e+02   0.0000000e+00   5.8721630e-05   5.8690612e-05   5.8707840e-05   5.8735426e-05   5.8649306e-05   5.8846029e-05   2.5254928e-03
   5.3000000e+02   0.0000000e+00   5.8721630e-05   5.8690612e-05   5.8707840e-05   5.8735426e-05   5.8649306e-05   5.8846029e-05   2.4329352e-03
   5.3100000e+02   0.0000000e+00   5.8721630e-05   5.8690612e-05   5.8707840e-05   5.8735426e-05   5.8649306e-05   5.8846029e-05   2.5719678e-03
   5.3200000e+02   0.0000000e+00   5.8721630e-05   5.8690612e-05   5.8707840e-05   5.8735426e-05   5.8649306e-05   5.8846029e-05   2.5311946e-03
   5.3300000e+02   0.0000000e+00   5.8721630e-05   5.8690612e-05   5.8707840e-05   5.8735426e-05   5.8649306e-05   5.8846029e-05   2.2653357e-03
   5.3400000e+02   0.0000000e+00   5.8721630e-05   5.8690612e-05   5.8707840e-05   5.8735426e-05   5.8649306e-05   5.8846029e-05   2.4320082e-03
   5.3500000e+02   0.0000000e+00   5.8721630e-05   5.8690612e-05   5.8707840e-05   5.8735426e-05   5.8649306e-05   5.8846029e-05   2.4744899e-03
   5.3600000e+02   0.0000000e+00   5.8721630e-05   5.8690612e-05   5.8707840e-05   5.8735426e-05   5.8649306e-05   5.8846029e-05   2.5860531e-03
   5.3700000e+02   0.0000000e+00   5.8721630e-05   5.8690612e-05   5.8707840e-05   5.8735426e-05   5.8649306e-05   5.8846029e-05   2.3981753e-03
   5.3800000e+02   0.0000000e+00   5.8721630e-05   5.8690612e-05   5.8707840e-05   5.8735426e-05   5.8649306e-05   5.8846029e-05   2.5237813e-03
   5.3900000e+02   0.0000000e+00   5.8721630e-05   5.8690612e-05   5.8707840e-05   5.8735426e-05   5.8649306e-05   5.8846029e-05   2.4669709e-03
   5.4000000e+02   0.0000000e+00   5.8721630e-05   5.8690612e-05   5.8707840e-05   5.8735426e-05   5.8649306e-05   5.8846029e-05   2.3873278e-03
   5.4100000e+02   0.0000000e+00   5.8721630e-05   5.8690612e-05   5.8707840e-05   5.8735426e-05   5.8649306e-05   5.8846029e-05   2.3002502e-03
   5.4200000e+02   0.0000000e+00   5.8721630e-05   5.8690612e-05   5.8707840e-05   5.8735426e-05   5.8649306e-05   5.8846029e-05   2.5092450e-03
   5.4300000e+02   0.0000000e+00   5.8721630e-05   5.8690612e-05   5.8707840e-05   5.8735426e-05   5.8649306e-05   5.8846029e-05   2.4733637e-03
   5.4400000e+02   0.0000000e+00   5.8721630e-05   5.8690612e-05   5.8707840e-05   5.8735426e-05   5.8649306e-05   5.8846029e-05   2.5657009e-03
   5.4500000e+02   0.0000000e+00   5.8721630e-05   5.8690612e-05   5.8707840e-05   5.8735426e-05   5.8649306e-05   5.8846029e-05   2.5126468e-03
   5.4600000e+02   0.0000000e+00   5.8721630e-05   5.8690612e-05   5.8707840e-05   5.8735426e-05   5.8649306e-05   5.8846029e-05   2.4949545e-03
   5.4700000e+02   0.0000000e+00   5.8721630e-05   5.8690612e-05   5.8707840e-05   5.8735426e-05   5.8649306e-05   5.8846029e-05   2.5329470e-03
   5.4800000e+02   0.0000000e+00   5.8721630e-05   5.8690612e-05   5.8707840e-05   5.8735426e-05   5.8649306e-05   5.8846029e-05   2.4661695e-03
   5.4900000e+02   0.0000000e+00   5.8721630e-05   5.8690612e-05   5.8707840e-05   5.8735426e-05   5.8649306e-05   5.8846029e-05   2.5486948e-03
   5.5000000e+02   0.0000000e+00   5.8721630e-05   5.8690612e-05   5.8707840e-05   5.8735426e-05   5.8649306e-05   5.8846029e-05   2.5340276e-03
   5.5100000e+02   0.0000000e+00   5.8721630e-05   5.8690612e-05   5.8707840e-05   5.8735426e-05   5.8649306e-05   5.8846029e-05   2.5369608e-03
   5.5200000e+02   0.0000000e+00   5.8721630e-05   5.8690612e-05   5.8707840e-05   5.8735426e-05   5.8649306e-05   5.8846029e-05   2.5944872e-03
   5.5300000e+02   0.0000000e+00   5.8721630e-05   5.8690612e-05   5.8707840e-05   5.8735426e-05   5.8649306e-05   5.8846029e-05   2.5263810e-03
   5.5400000e+02   0.0000000e+00   5.8721630e-05   5.8690612e-05   5.8707840e-05   5.8735426e-05   5.8649306e-05   5.8846029e-05   2.5812580e-03
   5.5500000e+02   0.0000000e+00   5.8721630e-05   5.8690612e-05   5.8707840e-05   5.8735426e-05   5.8649306e-05   5.8846029e-05   2.6010934e-03
   5.5600000e+02   0.0000000e+00   5.8721630e-05   5.8690612e-05   5.8707840e-05   5.8735426e-05   5.8649306e-05   5.8846029e-05   2.5622346e-03
   5.5700000e+02   0.0000000e+00   5.8721630e-05   5.8690612e-05   5.8707840e-05   5.8735426e-05   5.8649306e-05   5.8846029e-05   2.5047919e-03
   5.5800000e+02   0.0000000e+00   5.8721630e-05   5.8690612e-05   5.8707840e-05   5.8735426e-05   5.8649306e-05   5.8846029e-05   2.5642931e-03
   5.5900000e+02   0.0000000e+00   5.8721630e-05   5.8690612e-05   5.8707840e-05   5.8735426e-05   5.8649306e-05   5.8846029e-05   2.4315089e-03
   5.6000000e+02   5.8725079e-05   5.8721630e-05   5.8690612e-05   5.8707840e-05   5.8735426e-05   5.8649306e-05   5.8846029e-05   2.4799064e-03
   5.6100000e+02   5.8725079e-05   5.8721630e-05   5.8690612e-05   5.8707840e-05   5.8735426e-05   5.8649306e-05   5.8846029e-05   2.6295920e-03
   5.6200000e+02   5.8725079e-05   5.8721630e-05   5.8690612e-05   5.8707840e-05   5.8735426e-05   5.8649306e-05   5.8846029e-05   2.5090634e-03
   5.6300000e+02   0.0000000e+00   5.8721630e-05   5.8690612e-05   5.8707840e-05   5.8735426e-05   5.8649306e-05   5.8846029e-05   2.6096976e-03
   5.6400000e+02   5.8725079e-05   5.8721630e-05   5.8690612e-05   5.8707840e-05   5.8735426e-05   5.8649306e-05   5.8846029e-05   2.5638779e-03
   5.6500000e+02   0.0000000e+00   5.8721630e-05   5.8690612e-05   5.8707840e-05   5.8735426e-05   5.8649306e-05   5.8846029e-05   2.5853991e-03
   5.6600000e+02   0.0000000e+00   5.8721630e-05   5.8690612e-05   5.8707840e-05   5.8735426e-05   5.8649306e-05   5.8846029e-05   2.4501107e-03
   5.6700000e+02   0.0000000e+00   5.8721630e-05   5.8690612e-05   5.8707840e-05   5.8735426e-05   5.8649306e-05   5.8846029e-05   2.6171373e-03
   5.6800000e+02   0.0000000e+00   5.8721630e-05   5.8690612e-05   5.8707840e-05   5.8735426e-05   5.8649306e-05   5.8846029e-05   2.5989352e-03
   5.6900000e+02   0.0000000e+00   5.8721630e-05   5.8690612e-05   5.8707840e-05   5.8735426e-05   5.8649306e-05   0.0000000e+00   2.5408913e-03
   5.7000000e+02   5.8725079e-05   5.8721630e-05   5.8690612e-05   5.8707840e-05   5.8735426e-05   5.8649306e-05   0.0000000e+00   2.5476659e-03
   5.7100000e+02   5.8725079e-05   5.8721630e-05   5.8690612e-05   5.8707840e-05   5.8735426e-05   5.8649306e-05   0.0000000e+00   2.4692489e-03
   5.7200000e+02   5.8725079e-05   5.8721630e-05   5.8690612e-05   5.8707840e-05   5.8735426e-05   5.8649306e-05   0.0000000e+00   2.6133756e-03
   5.7300000e+02   5.8725079e-05   5.8721630e-05   5.8690612e-05   5.8707840e-05   5.8735426e-05   5.8649306e-05   0.0000000e+00   2.6297439e-03
   5.7400000e+02   5.8725079e-05   5.8721630e-05   5.8690612e-05   5.8707840e-05   5.8735426e-05   5.8649306e-05   0.0000000e+00   2.6211569e-03
   5.7500000e+02   5.8725079e-05   5.8721630e-05   5.8690612e-05   5.8707840e-05   5.8735426e-05   5.8649306e-05   0.0000000e+00   2.5671022e-03
   5.7600000e+02   5.8725079e-05   5.8721630e-05   5.8690612e-05   5.8707840e-05   5.8735426e-05   5.8649306e-05   0.0000000e+00   2.5507608e-03
   5.7700000e+02   5.8725079e-05   5.8721630e-05   5.8690612e-05   5.8707840e-05   5.8735426e-05   5.8649306e-05   0.0000000e+00   2.6202474e-03
   5.7800000e+02   5.8725079e-05   5.8721630e-05   5.8690612e-05   5.8707840e-05   5.8735426e-05   5.8649306e-05   0.0000000e+00   2.5443981e-03
   5.7900000e+02   5.8725079e-05   5.8721630e-05   5.8690612e-05   5.8707840e-05   5.8735426e-05   5.8649306e-05   0.0000000e+00   2.5859376e-03
   5.8000000e+02   5.8725079e-05   5.8721630e-05   5.8690612e-05   5.8707840e-05   5.8735426e-05   5.8649306e-05   0.0000000e+00   2.6344583e-03
   5.8100000e+02   5.8725079e-05   5.8721630e-05   5.8690612e-05   5.8707840e-05   5.8735426e-05   5.8649306e-05   0.0000000e+00   2.6513570e-03
   5.8200000e+02   5.8725079e-05   5.8721630e-05   5.8690612e-05   5.8707840e-05   5.8735426e-05   5.8649306e-05   0.0000000e+00   2.6973762e-03
   5.8300000e+02   5.8725079e-05   5.8721630e-05   5.8690612e-05   5.8707840e-05   5.8735426e-05   5.8649306e-05   0.0000000e+00   2.7301548e-03
   5.8400000e+02   5.8725079e-05   5.8721630e-05   5.8690612e-05   5.8707840e-05   5.8735426e-05   5.8649306e-05   0.0000000e+00   2.7295147e-03
   5.8500000e+02   5.8725079e-05   5.8721630e-05   5.8690612e-05   5.8707840e-05   5.8735426e-05   5.8649306e-05   0.0000000e+00   2.7128601e-03
   5.8600000e+02   5.8725079e-05   5.8721630e-05   5.8690612e-05   5.8707840e-05   5.8735426e-05   5.8649306e-05   0.0000000e+00   2.6526114e-03
   5.8700000e+02   1.1745016e-04   5.8721630e-05   5.8690612e-05   5.8707840e-05   5.8735426e-05   5.8649306e-05   0.0000000e+00   2.7163881e-03
   5.8800000e+02   1.1745016e-04   5.8721630e-05   5.8690612e-05   5.8707840e-05   5.8735426e-05   5.8649306e-05   0.0000000e+00   2.6604737e-03
   5.8900000e+02   1.1745016e-04   1.1744326e-04   1.1738122e-04   5.8707840e-05   5.8735426e-05   5.8649306e-05   0.0000000e+00   2.3029181e-03
   5.9000000e+02   1.1745016e-04   1.1744326e-04   1.1738122e-04   5.8707840e-05   5.8735426e-05   5.8649306e-05   0.0000000e+00   2.4530213e-03
   5.9100000e+02   1.1745016e-04   1.1744326e-04   1.1738122e-04   5.8707840e-05   5.8735426e-05   5.8649306e-05   0.0000000e+00   2.6277610e-03
   5.9200000e+02   1.1745016e-04   1.1744326e-04   1.1738122e-04   5.8707840e-05   5.8735426e-05   5.8649306e-05   0.0000000e+00   2.5780483e-03
   5.9300000e+02   1.1745016e-04   1.1744326e-04   1.1738122e-04   5.8707840e-05   5.8735426e-05   5.8649306e-05   0.0000000e+00   2.6196378e-03
   5.9400000e+02   1.7617524e-04   1.1744326e-04   1.1738122e-04   5.8707840e-05   5.8735426e-05   5.8649306e-05   0.0000000e+00   2.6126255e-03
   5.9500000e+02   1.7617524e-04   1.7616489e-04   1.1738122e-04   1.1741568e-04   5.8735426e-05   5.8649306e-05   0.0000000e+00   2.5850869e-03
   5.9600000e+02   1.7617524e-04   1.7616489e-04   1.7607184e-04   1.1741568e-04   5.8735426e-05   5.8649306e-05   0.0000000e+00   2.6678992e-03
   5.9700000e+02   2.3490031e-04   1.7616489e-04   1.7607184e-04   1.1741568e-04   5.8735426e-05   5.8649306e-05   0.0000000e+00   2.6810416e-03
   5.9800000e+02   2.3490031e-04   2.3488652e-04   1.7607184e-04   1.1741568e-04   5.8735426e-05   5.8649306e-05   0.0000000e+00   2.6530307e-03
   5.9900000e+02   2.3490031e-04   2.3488652e-04   2.3476245e-04   1.1741568e-04   5.8735426e-05   5.8649306e-05   0.0000000e+00   2.6580739e-03
   6.0000000e+02   2.9362539e-04   2.3488652e-04   2.3476245e-04   1.1741568e-04   1.1747085e-04   5.8649306e-05   0.0000000e+00   2.6894504e-03
   6.0100000e+02   2.9362539e-04   2.9360815e-04   2.3476245e-04   1.7612352e-04   1.1747085e-04   5.8649306e-05   0.0000000e+00   2.6624854e-03
   6.0200000e+02   3.5235047e-04   2.9360815e-04   2.9345306e-04   1.7612352e-04   1.1747085e-04   5.8649306e-05   0.0000000e+00   2.6272867e-03
   6.0300000e+02   4.1107555e-04   3.5232978e-04   2.9345306e-04   1.7612352e-04   1.1747085e-04   5.8649306e-05   0.0000000e+00   2.6880376e-03
   6.0400000e+02   4.1107555e-04   3.5232978e-04   3.5214367e-04   1.7612352e-04   1.1747085e-04   5.8649306e-05   0.0000000e+00   2.7402080e-03
   6.0500000e+02   4.6980063e-04   4.1105141e-04   3.5214367e-04   2.3483136e-04   1.1747085e-04   1.1729861e-04   0.0000000e+00   2.7404557e-03
   6.0600000e+02   5.2852571e-04   4.6977304e-04   4.1083429e-04   2.3483136e-04   1.7620628e-04   1.1729861e-04   0.0000000e+00   2.7316881e-03
   6.0700000e+02   5.8725079e-04   4.6977304e-04   4.6952490e-04   2.9353920e-04   1.7620628e-04   1.1729861e-04   0.0000000e+00   2.7527937e-03
   6.0800000e+02   6.4597586e-04   5.2849467e-04   4.6952490e-04   2.9353920e-04   1.7620628e-04   1.1729861e-04   0.0000000e+00   2.7487083e-03
   6.0900000e+02   7.0470094e-04   5.8721630e-04   5.2821551e-04   3.5224704e-04   1.7620628e-04   1.1729861e-04   0.0000000e+00   2.7326704e-03
   6.1000000e+02   8.2215110e-04   6.4593793e-04   5.8690612e-04   3.5224704e-04   2.3494171e-04   1.1729861e-04   0.0000000e+00   2.7258317e-03
   6.1100000e+02   8.8087618e-04   7.0465956e-04   6.4559674e-04   4.1095488e-04   2.3494171e-04   1.7594792e-04   0.0000000e+00   2.7164807e-03
   6.1200000e+02   9.9832634e-04   8.2210282e-04   7.0428735e-04   4.6966272e-04   2.3494171e-04   1.7594792e-04   0.0000000e+00   2.7622467e-03
   6.1300000e+02   1.0570514e-03   8.8082445e-04   7.6297796e-04   5.2837056e-04   2.9367713e-04   1.7594792e-04   0.0000000e+00   2.7278558e-03
   6.1400000e+02   1.1745016e-03   9.9826771e-04   8.8035919e-04   5.8707840e-04   2.9367713e-04   1.7594792e-04   0.0000000e+00   2.6496029e-03
   6.1500000e+02   1.3506768e-03   1.1157110e-03   9.3904980e-04   5.8707840e-04   3.5241256e-04   2.3459723e-04   0.0000000e+00   2.7517040e-03
   6.1600000e+02   1.4681270e-03   1.1744326e-03   1.0564310e-03   7.0449409e-04   3.5241256e-04   2.3459723e-04   0.0000000e+00   2.6838115e-03
   6.1700000e+02   1.5855771e-03   1.3505975e-03   1.1738122e-03   7.6320193e-04   4.1114798e-04   2.3459723e-04   0.0000000e+00   2.6544256e-03
   6.1800000e+02   1.7617524e-03   1.4680408e-03   1.2911935e-03   8.2190977e-04   4.1114798e-04   2.9324653e-04   0.0000000e+00   2.7597027e-03
   6.1900000e+02   1.9379276e-03   1.6442056e-03   1.4085747e-03   8.8061761e-04   4.6988341e-04   2.9324653e-04   0.0000000e+00   2.7775419e-03
   6.2000000e+02   2.1728279e-03   1.7616489e-03   1.5846465e-03   9.9803329e-04   5.2861884e-04   3.5189584e-04   0.0000000e+00   2.7834941e-03
   6.2100000e+02   2.3490031e-03   1.9965354e-03   1.7020278e-03   1.1154490e-03   5.8735426e-04   3.5189584e-04   0.0000000e+00   2.8005619e-03
   6.2200000e+02   2.5839035e-03   2.1727003e-03   1.8780996e-03   1.2328646e-03   6.4608969e-04   4.1054515e-04   0.0000000e+00   2.7049130e-03
   6.2300000e+02   2.8775288e-03   2.3488652e-03   2.0541714e-03   1.3502803e-03   7.0482512e-04   4.6919445e-04   0.0000000e+00   2.6905439e-03
   6.2400000e+02   3.1124292e-03   2.5837517e-03   2.2889339e-03   1.4676960e-03   7.6356054e-04   4.6919445e-04   0.0000000e+00   2.6860152e-03
   6.2500000e+02   3.4060546e-03   2.8773599e-03   2.4650057e-03   1.5851117e-03   8.2229597e-04   5.2784376e-04   0.0000000e+00   2.6725966e-03
   6.2600000e+02   3.7584050e-03   3.1122464e-03   2.6997682e-03   1.7612352e-03   8.8103139e-04   5.8649306e-04   0.0000000e+00   2.6743369e-03
   6.2700000e+02   4.1107555e-03   3.4058545e-03   2.9932212e-03   1.8786509e-03   9.9850225e-04   6.4514237e-04   0.0000000e+00   2.7562897e-03
   6.2800000e+02   4.4631060e-03   3.7581843e-03   3.2279837e-03   2.0547744e-03   1.0572377e-03   7.0379168e-04   0.0000000e+00   2.6135565e-03
   6.2900000e+02   4.8741815e-03   4.1105141e-03   3.5214367e-03   2.2308979e-03   1.1747085e-03   7.6244098e-04   0.0000000e+00   2.7090241e-03
   6.3000000e+02   5.2852571e-03   4.4628439e-03   3.8148898e-03   2.4070215e-03   1.2921794e-03   8.2109029e-04   0.0000000e+00   2.6773886e-03
   6.3100000e+02   5.7550577e-03   4.8738953e-03   4.1670335e-03   2.6418528e-03   1.3509148e-03   8.7973960e-04   0.0000000e+00   2.7263715e-03
   6.3200000e+02   6.2248583e-03   5.2849467e-03   4.5191772e-03   2.8766842e-03   1.4683857e-03   9.3838890e-04   0.0000000e+00   2.6299900e-03
   6.3300000e+02   6.7533840e-03   5.7547198e-03   4.9300114e-03   3.1115155e-03   1.6445919e-03   1.0556875e-03   0.0000000e+00   2.8014704e-03
   6.3400000e+02   7.3406348e-03   6.2832144e-03   5.3408457e-03   3.4050547e-03   1.7620628e-03   1.1143368e-03   0.0000000e+00   2.7624486e-03
   6.3500000e+02   7.9278856e-03   6.8117091e-03   5.8103706e-03   3.6398861e-03   1.9382691e-03   1.2316354e-03   0.0000000e+00   2.8006754e-03
   6.3600000e+02   8.6325865e-03   7.3989254e-03   6.3385861e-03   3.9921331e-03   2.0557399e-03   1.2902847e-03   0.0000000e+00   2.7413193e-03
   6.3700000e+02   9.3372875e-03   8.0448633e-03   6.8668017e-03   4.3443802e-03   2.2906816e-03   1.4075834e-03   0.0000000e+00   2.8393869e-03
   6.3800000e+02   1.0159439e-02   8.7495229e-03   7.4537078e-03   4.6966272e-03   2.4668879e-03   1.5248820e-03   0.0000000e+00   2.8627976e-03
   6.3900000e+02   1.0981590e-02   9.5129041e-03   8.0406139e-03   5.1075821e-03   2.7018296e-03   1.7008299e-03   0.0000000e+00   2.8556361e-03
   6.4000000e+02   1.1921191e-02   1.0335007e-02   8.7449013e-03   5.5772448e-03   2.9367713e-03   1.8181285e-03   0.0000000e+00   2.8004745e-03
   6.4100000e+02   1.2978242e-02   1.1274553e-02   9.5078792e-03   6.1056154e-03   3.1717130e-03   1.9940764e-03   0.0000000e+00   2.8065814e-03
   6.4200000e+02   1.4094019e-02   1.2272821e-02   1.0270857e-02   6.6339860e-03   3.4653902e-03   2.1700243e-03   0.0000000e+00   2.8163780e-03
   6.4300000e+02   1.5268520e-02   1.3329810e-02   1.1151216e-02   7.2210644e-03   3.7590673e-03   2.3459723e-03   0.0000000e+00   2.8500687e-03
   6.4400000e+02   1.6619197e-02   1.4504243e-02   1.2090266e-02   7.8668506e-03   4.0527444e-03   2.5805695e-03   0.0000000e+00   2.8423266e-03
   6.4500000e+02   1.8028599e-02   1.5737397e-02   1.3146697e-02   8.5713447e-03   4.4051570e-03   2.8151667e-03   0.0000000e+00   2.8676432e-03
   6.4600000e+02   1.9555451e-02   1.7087994e-02   1.4203128e-02   9.3345466e-03   4.8163050e-03   3.0497639e-03   0.0000000e+00   2.7907461e-03
   6.4700000e+02   2.1199753e-02   1.8556035e-02   1.5376940e-02   1.0156456e-02   5.1687175e-03   3.3430105e-03   0.0000000e+00   2.7834901e-03
   6.4800000e+02   2.2961506e-02   2.0082797e-02   1.6609443e-02   1.1037074e-02   5.6386009e-03   3.5776077e-03   0.0000000e+00   2.7617606e-03
   6.4900000e+02   2.4781983e-02   2.1727003e-02   1.7900637e-02   1.1917692e-02   6.0497489e-03   3.8708542e-03   0.0000000e+00   2.6803580e-03
   6.5000000e+02   2.6602461e-02   2.3429930e-02   1.9250521e-02   1.2857017e-02   6.5196323e-03   4.2227501e-03   0.0000000e+00   2.6987508e-03
   6.5100000e+02   2.8481663e-02   2.5132858e-02   2.0600405e-02   1.3796343e-02   6.9895157e-03   4.5159966e-03   0.0000000e+00   2.8725622e-03
   6.5200000e+02   3.0419591e-02   2.6953228e-02   2.2008980e-02   1.4735668e-02   7.4593991e-03   4.8092431e-03   0.0000000e+00   2.7640615e-03
   6.5300000e+02   3.2298793e-02   2.8773599e-02   2.3476245e-02   1.5733701e-02   7.9292825e-03   5.1611390e-03   0.0000000e+00   2.8547138e-03
   6.5400000e+02   3.4177996e-02   3.0593969e-02   2.4884820e-02   1.6673027e-02   8.4579014e-03   5.4543855e-03   0.0000000e+00   2.8275142e-03
   6.5500000e+02   3.5939748e-02   3.2355618e-02   2.6293394e-02   1.7612352e-02   8.8690494e-03   5.7476320e-03   0.0000000e+00   2.7020423e-03
   6.5600000e+02   3.7525325e-02   3.4058545e-02   2.7643278e-02   1.8434262e-02   9.3389328e-03   5.9822293e-03   0.0000000e+00   2.3755367e-03
   6.5700000e+02   3.8758552e-02   3.5409143e-02   2.8758400e-02   1.9080048e-02   9.6913453e-03   6.1581772e-03   0.0000000e+00   2.4880576e-03
   6.5800000e+02   3.9404528e-02   3.6407411e-02   2.9638759e-02   1.9549711e-02   9.9262870e-03   6.2754758e-03   0.0000000e+00   2.7854994e-03
   6.5900000e+02   3.9404528e-02   3.6818462e-02   3.0049594e-02   1.9725834e-02   1.0043758e-02   6.2754758e-03   0.0000000e+00   2.7999661e-03
   6.6000000e+02   3.8641102e-02   3.6524854e-02   2.9932212e-02   1.9549711e-02   9.9850225e-03   6.2168265e-03   0.0000000e+00   2.8224849e-03
   6.6100000e+02   3.7055525e-02   3.5526586e-02   2.9286616e-02   1.9080048e-02   9.7500808e-03   5.9822293e-03   0.0000000e+00   2.8156043e-03
   6.6200000e+02   3.4647796e-02   3.3764937e-02   2.7995422e-02   1.8199431e-02   9.2801974e-03   5.7476320e-03   0.0000000e+00   2.7975159e-03
   6.6300000e+02   3.1711542e-02   3.1357350e-02   2.6176013e-02   1.7025274e-02   8.6341077e-03   5.3370869e-03   0.0000000e+00   2.8064419e-03
   6.6400000e+02   2.8364213e-02   2.8479991e-02   2.3945770e-02   1.5616286e-02   7.8705471e-03   4.9265417e-03   0.0000000e+00   2.8348836e-03
   6.6500000e+02   2.4899433e-02   2.5309023e-02   2.1422074e-02   1.4031174e-02   7.0482512e-03   4.3986980e-03   0.0000000e+00   2.8894393e-03
   6.6600000e+02   2.1493379e-02   2.2079333e-02   1.8839687e-02   1.2387354e-02   6.1672198e-03   3.9295035e-03   0.0000000e+00   2.8913111e-03
   6.6700000e+02   1.8263499e-02   1.8967087e-02   1.6315990e-02   1.0802243e-02   5.3449238e-03   3.4016598e-03   0.0000000e+00   2.8747119e-03
   6.6800000e+02   1.5385971e-02   1.6089727e-02   1.3909675e-02   9.2171309e-03   4.5226278e-03   2.9324653e-03   0.0000000e+00   2.8887185e-03
   6.6900000e+02   1.2860792e-02   1.3564697e-02   1.1738122e-02   7.8081428e-03   3.8178027e-03   2.4632709e-03   0.0000000e+00   2.9431800e-03
   6.7000000e+02   1.0687964e-02   1.1333275e-02   9.8600229e-03   6.5752781e-03   3.2304484e-03   2.1113750e-03   0.0000000e+00   2.9070931e-03
   6.7100000e+02   8.8674869e-03   9.4541824e-03   8.2166857e-03   5.5185370e-03   2.7018296e-03   1.7594792e-03   0.0000000e+00   2.9059956e-03
   6.7200000e+02   7.3993599e-03   7.8686984e-03   6.8668017e-03   4.5792116e-03   2.2319462e-03   1.4662327e-03   0.0000000e+00   2.8699462e-03
   6.7300000e+02   6.1661332e-03   6.5768226e-03   5.7516800e-03   3.8747175e-03   1.8795336e-03   1.2316354e-03   0.0000000e+00   2.8989810e-03
   6.7400000e+02   5.1678069e-03   5.5198332e-03   4.8126302e-03   3.2289312e-03   1.5858565e-03   1.0556875e-03   0.0000000e+00   2.8991930e-03
   6.7500000e+02   4.3456558e-03   4.6390088e-03   4.0496523e-03   2.7005607e-03   1.3509148e-03   8.7973960e-04   0.0000000e+00   2.8800241e-03
   6.7600000e+02   3.6409549e-03   3.8756276e-03   3.4040555e-03   2.2896058e-03   1.1159731e-03   7.0379168e-04   0.0000000e+00   2.9178370e-03
   6.7700000e+02   3.1124292e-03   3.2884113e-03   2.8758400e-03   1.9373587e-03   9.3976682e-04   6.4514237e-04   0.0000000e+00   2.8954138e-03
   6.7800000e+02   2.6426285e-03   2.7599166e-03   2.4063151e-03   1.6438195e-03   8.2229597e-04   5.2784376e-04   0.0000000e+00   2.9152545e-03
   6.7900000e+02   2.2315530e-03   2.3488652e-03   2.0541714e-03   1.4089882e-03   7.0482512e-04   4.6919445e-04   0.0000000e+00   2.8947987e-03
   6.8000000e+02   1.9379276e-03   1.9965354e-03   1.7607184e-03   1.1741568e-03   5.8735426e-04   4.1054515e-04   0.0000000e+00   2.9038827e-03
   6.8100000e+02   1.7030273e-03   1.7616489e-03   1.5259559e-03   1.0567411e-03   5.2861884e-04   3.5189584e-04   0.0000000e+00   2.8968883e-03
   6.8200000e+02   1.4681270e-03   1.4680408e-03   1.2911935e-03   8.8061761e-04   4.1114798e-04   2.9324653e-04   0.0000000e+00   2.9151863e-03
   6.8300000e+02   1.2919517e-03   1.2918759e-03   1.1151216e-03   7.6320193e-04   3.5241256e-04   2.3459723e-04   0.0000000e+00   2.8881034e-03
   6.8400000e+02   1.1157765e-03   1.1157110e-03   9.9774041e-04   6.4578624e-04   3.5241256e-04   2.3459723e-04   0.0000000e+00   2.8736286e-03
   6.8500000e+02   9.9832634e-04   9.9826771e-04   8.8035919e-04   5.8707840e-04   2.9367713e-04   1.7594792e-04   0.0000000e+00   2.8799110e-03
   6.8600000e+02   8.8087618e-04   8.8082445e-04   7.6297796e-04   5.2837056e-04   2.3494171e-04   1.7594792e-04   0.0000000e+00   2.8192724e-03
   6.8700000e+02   8.2215110e-04   8.2210282e-04   7.0428735e-04   4.6966272e-04   2.3494171e-04   1.7594792e-04   0.0000000e+00   2.0474971e-03
   6.8800000e+02   7.0470094e-04   7.0465956e-04   6.4559674e-04   4.1095488e-04   2.3494171e-04   1.7594792e-04   0.0000000e+00   2.3678561e-03
   6.8900000e+02   6.4597586e-04   6.4593793e-04   5.8690612e-04   3.5224704e-04   1.7620628e-04   1.1729861e-04   0.0000000e+00   2.3864163e-03
   6.9000000e+02   5.8725079e-04   5.8721630e-04   5.2821551e-04   3.5224704e-04   1.7620628e-04   1.1729861e-04   0.0000000e+00   2.5030848e-03
   6.9100000e+02   5.2852571e-04   5.2849467e-04   4.6952490e-04   2.9353920e-04   1.7620628e-04   1.1729861e-04   0.0000000e+00   2.6128500e-03
   6.9200000e+02   5.2852571e-04   5.2849467e-04   4.1083429e-04   2.9353920e-04   1.7620628e-04   1.1729861e-04   0.0000000e+00   2.6902174e-03
   6.9300000e+02   4.6980063e-04   4.6977304e-04   4.1083429e-04   2.3483136e-04   1.1747085e-04   1.1729861e-04   0.0000000e+00   2.6777289e-03
   6.9400000e+02   4.1107555e-04   4.1105141e-04   3.5214367e-04   2.3483136e-04   1.1747085e-04   5.8649306e-05   0.0000000e+00   2.6516048e-03
   6.9500000e+02   3.5235047e-04   3.5232978e-04   3.5214367e-04   2.3483136e-04   1.1747085e-04   5.8649306e-05   0.0000000e+00   2.7070418e-03
   6.9600000e+02   3.5235047e-04   3.5232978e-04   2.9345306e-04   1.7612352e-04   1.1747085e-04   5.8649306e-05   0.0000000e+00   2.7050630e-03
   6.9700000e+02   2.9362539e-04   2.9360815e-04   2.3476245e-04   1.7612352e-04   1.1747085e-04   5.8649306e-05   0.0000000e+00   2.8590676e-03
   6.9800000e+02   2.3490031e-04   2.9360815e-04   2.3476245e-04   1.7612352e-04   1.1747085e-04   5.8649306e-05   0.0000000e+00   2.8183994e-03
   6.9900000e+02   2.3490031e-04   2.3488652e-04   2.3476245e-04   1.1741568e-04   5.8735426e-05   5.8649306e-05   0.0000000e+00   2.7658044e-03
   7.0000000e+02   1.7617524e-04   2.3488652e-04   1.7607184e-04   1.1741568e-04   5.8735426e-05   5.8649306e-05   0.0000000e+00   2.7496751e-03
   7.0100000e+02   1.7617524e-04   1.7616489e-04   1.7607184e-04   1.1741568e-04   5.8735426e-05   5.8649306e-05   0.0000000e+00   2.7188164e-03
   7.0200000e+02   1.1745016e-04   1.7616489e-04   1.1738122e-04   1.1741568e-04   5.8735426e-05   5.8649306e-05   0.0000000e+00   2.7253017e-03
   7.0300000e+02   1.1745016e-04   1.1744326e-04   1.1738122e-04   5.8707840e-05   5.8735426e-05   5.8649306e-05   0.0000000e+00   2.7450843e-03
   7.0400000e+02   1.1745016e-04   1.1744326e-04   1.1738122e-04   5.8707840e-05   5.8735426e-05   5.8649306e-05   0.0000000e+00   2.8195735e-03
   7.0500000e+02   1.1745016e-04   1.1744326e-04   1.1738122e-04   5.8707840e-05   5.8735426e-05   5.8649306e-05   0.0000000e+00   2.8533281e-03
   7.0600000e+02   1.1745016e-04   1.1744326e-04   5.8690612e-05   5.8707840e-05   5.8735426e-05   5.8649306e-05   0.0000000e+00   2.8421220e-03
   7.0700000e+02   5.8725079e-05   5.8721630e-05   5.8690612e-05   5.8707840e-05   5.8735426e-05   0.0000000e+00   0.0000000e+00   2.8342142e-03
   7.0800000e+02   5.8725079e-05   5.8721630e-05   5.8690612e-05   5.8707840e-05   5.8735426e-05   0.0000000e+00   0.0000000e+00   2.8296186e-03
   7.0900000e+02   5.8725079e-05   5.8721630e-05   5.8690612e-05   5.8707840e-05   0.0000000e+00   0.0000000e+00   0.0000000e+00   2.8434285e-03
   7.1000000e+02   5.8725079e-05   5.8721630e-05   5.8690612e-05   5.8707840e-05   0.0000000e+00   0.0000000e+00   0.0000000e+00   2.8651755e-03
   7.1100000e+02   5.8725079e-05   5.8721630e-05   5.8690612e-05   5.8707840e-05   0.0000000e+00   0.0000000e+00   0.0000000e+00   2.8644105e-03
   7.1200000e+02   5.8725079e-05   5.8721630e-05   5.8690612e-05   5.8707840e-05   0.0000000e+00   0.0000000e+00   0.0000000e+00   2.8496913e-03
   7.1300000e+02   5.8725079e-05   5.8721630e-05   5.8690612e-05   5.8707840e-05   0.0000000e+00   0.0000000e+00   0.0000000e+00   2.8207183e-03
   7.1400000e+02   5.8725079e-05   5.8721630e-05   5.8690612e-05   0.0000000e+00   0.0000000e+00   0.0000000e+00   0.0000000e+00   2.8497419e-03
   7.1500000e+02   5.8725079e-05   5.8721630e-05   5.8690612e-05   0.0000000e+00   0.0000000e+00   0.0000000e+00   0.0000000e+00   2.7583915e-03
   7.1600000e+02   0.0000000e+00   5.8721630e-05   5.8690612e-05   0.0000000e+00   0.0000000e+00   0.0000000e+00   0.0000000e+00   2.7912544e-03
   7.1700000e+02   0.0000000e+00   0.0000000e+00   5.8690612e-05   0.0000000e+00   0.0000000e+00   0.0000000e+00   0.0000000e+00   2.4400707e-03
   7.1800000e+02   0.0000000e+00   0.0000000e+00   0.0000000e+00   0.0000000e+00   0.0000000e+00   0.0000000e+00   0.0000000e+00   2.2753320e-03
   7.1900000e+02   0.0000000e+00   0.0000000e+00   0.0000000e+00   0.0000000e+00   0.0000000e+00   0.0000000e+00   0.0000000e+00   2.0455125e-03
   7.2000000e+02   0.0000000e+00   0.0000000e+00   0.0000000e+00   0.0000000e+00   0.0000000e+00   0.0000000e+00   0.0000000e+00   2.1860748e-03
   7.2100000e+02   0.0000000e+00   0.0000000e+00   0.0000000e+00   0.0000000e+00   0.0000000e+00   0.0000000e+00   0.0000000e+00   2.4088253e-03
   7.2200000e+02   0.0000000e+00   0.0000000e+00   0.0000000e+00   0.0000000e+00   0.0000000e+00   0.0000000e+00   0.0000000e+00   2.7495678e-03
   7.2300000e+02   0.0000000e+00   0.0000000e+00   0.0000000e+00   0.0000000e+00   0.0000000e+00   0.0000000e+00   0.0000000e+00   2.5439623e-03
   7.2400000e+02   0.0000000e+00   0.0000000e+00   5.8690612e-05   0.0000000e+00   0.0000000e+00   0.0000000e+00   0.0000000e+00   2.3537863e-03
   7.2500000e+02   0.0000000e+00   0.0000000e+00   0.0000000e+00   0.0000000e+00   0.0000000e+00   0.0000000e+00   0.0000000e+00   2.3187590e-03
   7.2600000e+02   0.0000000e+00   0.0000000e+00   5.8690612e-05   0.0000000e+00   0.0000000e+00   0.0000000e+00   0.0000000e+00   2.4174668e-03
   7.2700000e+02   0.0000000e+00   0.0000000e+00   0.0000000e+00   0.0000000e+00   0.0000000e+00   0.0000000e+00   0.0000000e+00   2.4293864e-03
   7.2800000e+02   0.0000000e+00   0.0000000e+00   0.0000000e+00   0.0000000e+00   0.0000000e+00   0.0000000e+00   0.0000000e+00   2.3339326e-03
   7.2900000e+02   0.0000000e+00   0.0000000e+00   0.0000000e+00   0.0000000e+00   0.0000000e+00   0.0000000e+00   0.0000000e+00   2.3503047e-03
   7.3000000e+02   0.0000000e+00   0.0000000e+00   0.0000000e+00   0.0000000e+00   0.0000000e+00   0.0000000e+00   0.0000000e+00   2.5368025e-03
   7.3100000e+02   0.0000000e+00   0.0000000e+00   0.0000000e+00   0.0000000e+00   0.0000000e+00   0.0000000e+00   0.0000000e+00   2.4110181e-03
   7.3200000e+02   0.0000000e+00   0.0000000e+00   0.0000000e+00   0.0000000e+00   0.0000000e+00   0.0000000e+00   0.0000000e+00   2.5995995e-03
   7.3300000e+02   0.0000000e+00   0.0000000e+00   0.0000000e+00   0.0000000e+00   0.0000000e+00   0.0000000e+00   0.0000000e+00   2.6974285e-03
   7.3400000e+02   0.0000000e+00   0.0000000e+00   0.0000000e+00   0.0000000e+00   0.0000000e+00   0.0000000e+00   0.0000000e+00   2.7903112e-03
   7.3500000e+02   0.0000000e+00   0.0000000e+00   0.0000000e+00   0.0000000e+00   0.0000000e+00   0.0000000e+00   0.0000000e+00   2.7544131e-03
   7.3600000e+02   0.0000000e+00   0.0000000e+00   0.0000000e+00   0.0000000e+00   0.0000000e+00   0.0000000e+00   0.0000000e+00   2.7315753e-03
   7.3700000e+02   0.0000000e+00   0.0000000e+00   0.0000000e+00   0.0000000e+00   0.0000000e+00   0.0000000e+00   0.0000000e+00   2.7313059e-03
   7.3800000e+02   0.0000000e+00   0.0000000e+00   0.0000000e+00   0.0000000e+00   0.0000000e+00   0.0000000e+00   0.0000000e+00   2.7863338e-03
   7.3900000e+02   0.0000000e+00   0.0000000e+00   0.0000000e+00   0.0000000e+00   0.0000000e+00   0.0000000e+00   0.0000000e+00   2.7080327e-03
   7.4000000e+02   0.0000000e+00   0.0000000e+00   0.0000000e+00   0.0000000e+00   0.0000000e+00   0.0000000e+00   0.0000000e+00   2.7776472e-03
   7.4100000e+02   0.0000000e+00   0.0000000e+00   0.0000000e+00   0.0000000e+00   0.0000000e+00   0.0000000e+00   0.0000000e+00   2.7711447e-03
   7.4200000e+02   0.0000000e+00   0.0000000e+00   0.0000000e+00   0.0000000e+00   0.0000000e+00   0.0000000e+00   0.0000000e+00   2.7763873e-03
   7.4300000e+02   0.0000000e+00   0.0000000e+00   0.0000000e+00   0.0000000e+00   0.0000000e+00   0.0000000e+00   0.0000000e+00   2.8383202e-03
   7.4400000e+02   0.0000000e+00   0.0000000e+00   0.0000000e+00   0.0000000e+00   0.0000000e+00   0.0000000e+00   0.0000000e+00   2.8652471e-03
   7.4500000e+02   0.0000000e+00   0.0000000e+00   0.0000000e+00   0.0000000e+00   0.0000000e+00   0.0000000e+00   0.0000000e+00   2.8680922e-03
   7.4600000e+02   0.0000000e+00   0.0000000e+00   0.0000000e+00   0.0000000e+00   0.0000000e+00   0.0000000e+00   0.0000000e+00   2.8661498e-03
   7.4700000e+02   0.0000000e+00   0.0000000e+00   0.0000000e+00   0.0000000e+00   0.0000000e+00   0.0000000e+00   0.0000000e+00   2.8720092e-03
   7.4800000e+02   0.0000000e+00   0.0000000e+00   0.0000000e+00   0.0000000e+00   0.0000000e+00   0.0000000e+00   0.0000000e+00   2.8591881e-03
   7.4900000e+02   0.0000000e+00   0.0000000e+00   0.0000000e+00   0.0000000e+00   0.0000000e+00   0.0000000e+00   0.0000000e+00   2.8536552e-03
   7.5000000e+02   0.0000000e+00   0.0000000e+00   0.0000000e+00   0.0000000e+00   0.0000000e+00   0.0000000e+00   0.0000000e+00   2.8541737e-03
   7.5100000e+02   0.0000000e+00   0.0000000e+00   0.0000000e+00   0.0000000e+00   0.0000000e+00   0.0000000e+00   0.0000000e+00   2.8455566e-03
   7.5200000e+02   0.0000000e+00   0.0000000e+00   0.0000000e+00   0.0000000e+00   0.0000000e+00   0.0000000e+00   0.0000000e+00   2.8597539e-03
   7.5300000e+02   0.0000000e+00   0.0000000e+00   0.0000000e+00   0.0000000e+00   0.0000000e+00   0.0000000e+00   0.0000000e+00   2.8495759e-03
   7.5400000e+02   0.0000000e+00   0.0000000e+00   0.0000000e+00   0.0000000e+00   0.0000000e+00   0.0000000e+00   0.0000000e+00   2.8897589e-03
   7.5500000e+02   0.0000000e+00   0.0000000e+00   0.0000000e+00   0.0000000e+00   0.0000000e+00   0.0000000e+00   0.0000000e+00   2.8854355e-03
   7.5600000e+02   0.0000000e+00   0.0000000e+00   0.0000000e+00   0.0000000e+00   0.0000000e+00   0.0000000e+00   0.0000000e+00   2.8545484e-03
   7.5700000e+02   0.0000000e+00   0.0000000e+00   0.0000000e+00   0.0000000e+00   0.0000000e+00   0.0000000e+00   0.0000000e+00   2.8560243e-03
   7.5800000e+02   0.0000000e+00   0.0000000e+00   0.0000000e+00   0.0000000e+00   0.0000000e+00   0.0000000e+00   0.0000000e+00   2.8777093e-03
   7.5900000e+02   0.0000000e+00   0.0000000e+00   0.0000000e+00   0.0000000e+00   0.0000000e+00   0.0000000e+00   0.0000000e+00   2.8010511e-03
   7.6000000e+02   0.0000000e+00   0.0000000e+00   0.0000000e+00   0.0000000e+00   0.0000000e+00   0.0000000e+00   0.0000000e+00   6.3411994e-04
   7.6100000e+02   0.0000000e+00   0.0000000e+00   0.0000000e+00   0.0000000e+00   0.0000000e+00   0.0000000e+00   0.0000000e+00   3.6808648e-04
   7.6200000e+02   0.0000000e+00   0.0000000e+00   0.0000000e+00   0.0000000e+00   0.0000000e+00   0.0000000e+00   0.0000000e+00   1.6332278e-03
   7.6300000e+02   0.0000000e+00   0.0000000e+00   0.0000000e+00   0.0000000e+00   0.0000000e+00   0.0000000e+00   0.0000000e+00   9.0710284e-04
   7.6400000e+02   0.0000000e+00   0.0000000e+00   0.0000000e+00   0.0000000e+00   0.0000000e+00   0.0000000e+00   0.0000000e+00   1.2865983e-03
   7.6500000e+02   0.0000000e+00   0.0000000e+00   0.0000000e+00   0.0000000e+00   0.0000000e+00   0.0000000e+00   0.0000000e+00   1.6367138e-03
   7.6600000e+02   0.0000000e+00   0.0000000e+00   0.0000000e+00   0.0000000e+00   0.0000000e+00   0.0000000e+00   0.0000000e+00   1.9414789e-03
   7.6700000e+02   0.0000000e+00   0.0000000e+00   0.0000000e+00   0.0000000e+00   0.0000000e+00   0.0000000e+00   0.0000000e+00   2.3193002e-03
   7.6800000e+02   0.0000000e+00   0.0000000e+00   0.0000000e+00   0.0000000e+00   0.0000000e+00   0.0000000e+00   0.0000000e+00   2.6501883e-03
   7.6900000e+02   0.0000000e+00   0.0000000e+00   0.0000000e+00   0.0000000e+00   0.0000000e+00   0.0000000e+00   0.0000000e+00   2.6860891e-03
   7.7000000e+02   0.0000000e+00   0.0000000e+00   0.0000000e+00   0.0000000e+00   0.0000000e+00   0.0000000e+00   0.0000000e+00   2.7673037e-03
   7.7100000e+02   0.0000000e+00   0.0000000e+00   0.0000000e+00   0.0000000e+00   0.0000000e+00   0.0000000e+00   0.0000000e+00   2.7891169e-03
   7.7200000e+02   0.0000000e+00   0.0000000e+00   0.0000000e+00   0.0000000e+00   0.0000000e+00   0.0000000e+00   0.0000000e+00   2.8151472e-03
   7.7300000e+02   0.0000000e+00   0.0000000e+00   0.0000000e+00   0.0000000e+00   0.0000000e+00   0.0000000e+00   0.0000000e+00   2.8174890e-03
   7.7400000e+02   0.0000000e+00   0.0000000e+00   0.0000000e+00   0.0000000e+00   0.0000000e+00   0.0000000e+00   0.0000000e+00   2.8219177e-03
   7.7500000e+02   0.0000000e+00   0.0000000e+00   0.0000000e+00   0.0000000e+00   0.0000000e+00   0.0000000e+00   0.0000000e+00   2.8258252e-03
   7.7600000e+02   0.0000000e+00   0.0000000e+00   0.0000000e+00   0.0000000e+00   0.0000000e+00   0.0000000e+00   0.0000000e+00   2.8362825e-03
   7.7700000e+02   0.0000000e+00   0.0000000e+00   0.0000000e+00   0.0000000e+00   0.0000000e+00   0.0000000e+00   0.0000000e+00   2.8234125e-03
   7.7800000e+02   0.0000000e+00   0.0000000e+00   0.0000000e+00   0.0000000e+00   0.0000000e+00   0.0000000e+00   0.0000000e+00   2.8244199e-03
   7.7900000e+02   0.0000000e+00   0.0000000e+00   0.0000000e+00   0.0000000e+00   0.0000000e+00   0.0000000e+00   0.0000000e+00   2.8409361e-03
   7.8000000e+02   0.0000000e+00   0.0000000e+00   0.0000000e+00   0.0000000e+00   0.0000000e+00   0.0000000e+00   0.0000000e+00   2.8140386e-03
   7.8100000e+02   0.0000000e+00   0.0000000e+00   0.0000000e+00   0.0000000e+00   0.0000000e+00   0.0000000e+00   0.0000000e+00   2.8110550e-03
   7.8200000e+02   0.0000000e+00   0.0000000e+00   0.0000000e+00   0.0000000e+00   0.0000000e+00   0.0000000e+00   0.0000000e+00   2.8283818e-03
   7.8300000e+02   0.0000000e+00   0.0000000e+00   0.0000000e+00   0.0000000e+00   0.0000000e+00   0.0000000e+00   0.0000000e+00   2.8208969e-03
   7.8400000e+02   0.0000000e+00   0.0000000e+00   0.0000000e+00   0.0000000e+00   0.0000000e+00   0.0000000e+00   0.0000000e+00   2.8059731e-03
   7.8500000e+02   0.0000000e+00   0.0000000e+00   0.0000000e+00   0.0000000e+00   0.0000000e+00   0.0000000e+00   0.0000000e+00   2.8220072e-03
   7.8600000e+02   0.0000000e+00   0.0000000e+00   0.0000000e+00   0.0000000e+00   0.0000000e+00   0.0000000e+00   0.0000000e+00   2.8274595e-03
   7.8700000e+02   0.0000000e+00   0.0000000e+00   0.0000000e+00   0.0000000e+00   0.0000000e+00   0.0000000e+00   0.0000000e+00   2.7975814e-03
   7.8800000e+02   0.0000000e+00   0.0000000e+00   0.0000000e+00   0.0000000e+00   0.0000000e+00   0.0000000e+00   0.0000000e+00   2.7662882e-03
   7.8900000e+02   0.0000000e+00   0.0000000e+00   0.0000000e+00   0.0000000e+00   0.0000000e+00   0.0000000e+00   0.0000000e+00   2.7591446e-03
   7.9000000e+02   0.0000000e+00   0.0000000e+00   0.0000000e+00   0.0000000e+00   0.0000000e+00   0.0000000e+00   0.0000000e+00   2.6789010e-03
   7.9100000e+02   0.0000000e+00   0.0000000e+00   0.0000000e+00   0.0000000e+00   0.0000000e+00   0.0000000e+00   0.0000000e+00   2.7180737e-03
   7.9200000e+02   0.0000000e+00   0.0000000e+00   0.0000000e+00   0.0000000e+00   0.0000000e+00   0.0000000e+00   0.0000000e+00   2.6961103e-03
   7.9300000e+02   0.0000000e+00   0.0000000e+00   0.0000000e+00   0.0000000e+00   0.0000000e+00   0.0000000e+00   0.0000000e+00   2.6810430e-03
   7.9400000e+02   0.0000000e+00   0.0000000e+00   0.0000000e+00   0.0000000e+00   0.0000000e+00   0.0000000e+00   0.0000000e+00   2.7074753e-03
   7.9500000e+02   0.0000000e+00   0.0000000e+00   0.0000000e+00   0.0000000e+00   0.0000000e+00   0.0000000e+00   0.0000000e+00   2.7014920e-03
   7.9600000e+02   0.0000000e+00   0.0000000e+00   0.0000000e+00   0.0000000e+00   0.0000000e+00   0.0000000e+00   0.0000000e+00   2.6598802e-03
   7.9700000e+02   0.0000000e+00   0.0000000e+00   0.0000000e+00   0.0000000e+00   0.0000000e+00   0.0000000e+00   0.0000000e+00   2.7058667e-03
   7.9800000e+02   0.0000000e+00   0.0000000e+00   0.0000000e+00   0.0000000e+00   0.0000000e+00   0.0000000e+00   0.0000000e+00   2.7599072e-03
   7.9900000e+02   0.0000000e+00   0.0000000e+00   0.0000000e+00   0.0000000e+00   0.0000000e+00   0.0000000e+00   0.0000000e+00   2.7102293e-03
   8.0000000e+02   0.0000000e+00   0.0000000e+00   0.0000000e+00   0.0000000e+00   0.0000000e+00   0.0000000e+00   0.0000000e+00   2.6698437e-03
