   2.8500000e+02   1.3343504e-04   1.2971308e-04   1.2057687e-04   1.0883409e-04   1.0020443e-04   9.7015430e-05   9.2337568e-05   1.7688108e-19   0.0000000e+00
   2.8600000e+02   1.3296849e-04   1.2925954e-04   1.2015527e-04   1.0845355e-04   9.9854064e-05   9.6676215e-05   9.2014710e-05   4.6192537e-18   0.0000000e+00
   2.8700000e+02   1.3250518e-04   1.2880915e-04   1.1973661e-04   1.0807566e-04   9.9506140e-05   9.6339365e-05   9.1694101e-05   1.4258307e-16   0.0000000e+00
   2.8800000e+02   1.3204510e-04   1.2836190e-04   1.1932086e-04   1.0770040e-04   9.9160633e-05   9.6004853e-05   9.1375719e-05   5.5150780e-15   0.0000000e+00
   2.8900000e+02   1.3158819e-04   1.2791774e-04   1.1890799e-04   1.0732773e-04   9.8817517e-05   9.5672656e-05   9.1059540e-05   6.8745376e-14   0.0000000e+00
   2.9000000e+02   1.3113444e-04   1.2747665e-04   1.1849796e-04   1.0695764e-04   9.8476767e-05   9.5342750e-05   9.0745541e-05   1.0112712e-12   0.0000000e+00
   2.9100000e+02   1.3068381e-04   1.2703858e-04   1.1809075e-04   1.0659009e-04   9.8138358e-05   9.5015112e-05   9.0433701e-05   7.6581382e-12   0.0000000e+00
   2.9200000e+02   1.3023626e-04   1.2660352e-04   1.1768633e-04   1.0622505e-04   9.7802268e-05   9.4689718e-05   9.0123996e-05   8.0166251e-11   0.0000000e+00
   2.9300000e+02   1.2979177e-04   1.2617142e-04   1.1728467e-04   1.0586251e-04   9.7468472e-05   9.4366545e-05   8.9816406e-05   3.0974530e-10   0.0000000e+00
   2.9400000e+02   1.2935030e-04   1.2574227e-04   1.1688574e-04   1.0550243e-04   9.7136947e-05   9.4045570e-05   8.9510908e-05   1.8584325e-09   0.0000000e+00
   2.9500000e+02   1.2891182e-04   1.2531602e-04   1.1648952e-04   1.0514480e-04   9.6807669e-05   9.3726772e-05   8.9207481e-05   6.3375933e-09   0.0000000e+00
   2.9600000e+02   1.2847631e-04   1.2489266e-04   1.1609597e-04   1.0478958e-04   9.6480616e-05   9.3410127e-05   8.8906105e-05   2.8963937e-08   0.0000000e+00
   2.9700000e+02   1.2804373e-04   1.2447215e-04   1.1570508e-04   1.0443675e-04   9.6155765e-05   9.3095615e-05   8.8606757e-05   6.5225364e-08   0.0000000e+00
   2.9800000e+02   1.2761405e-04   1.2405445e-04   1.1531681e-04   1.0408629e-04   9.5833095e-05   9.2783213e-05   8.8309419e-05   2.1868883e-07   0.0000000e+00
   2.9900000e+02   1.2718725e-04   1.2363956e-04   1.1493113e-04   1.0373818e-04   9.5512583e-05   9.2472902e-05   8.8014070e-05   3.9942600e-07   0.0000000e+00
   3.0000000e+02   1.2676329e-04   1.2322742e-04   1.1454803e-04   1.0339238e-04   9.5194208e-05   9.2164659e-05   8.7720690e-05   8.9682664e-07   0.0000000e+00
   3.0100000e+02   1.2634215e-04   1.2281803e-04   1.1416747e-04   1.0304889e-04   9.4877948e-05   9.1858464e-05   8.7429259e-05   1.8067035e-06   0.0000000e+00
   3.0200000e+02   1.2592380e-04   1.2241135e-04   1.1378943e-04   1.0270767e-04   9.4563782e-05   9.1554297e-05   8.7139758e-05   2.8635717e-06   0.0000000e+00
   3.0300000e+02   1.2550821e-04   1.2200735e-04   1.1341389e-04   1.0236870e-04   9.4251691e-05   9.1252137e-05   8.6852168e-05   7.3371901e-06   0.0000000e+00
   3.0400000e+02   1.2509535e-04   1.2160601e-04   1.1304082e-04   1.0203196e-04   9.3941652e-05   9.0951966e-05   8.6566470e-05   1.0018177e-05   0.0000000e+00
   3.0500000e+02   1.2468520e-04   1.2120730e-04   1.1267019e-04   1.0169743e-04   9.3633647e-05   9.0653763e-05   8.6282646e-05   1.7557999e-05   0.0000000e+00
   3.0600000e+02   1.2427774e-04   1.2081120e-04   1.1230199e-04   1.0136508e-04   9.3327655e-05   9.0357509e-05   8.6000676e-05   1.9948698e-05   0.0000000e+00
   3.0700000e+02   1.2387292e-04   1.2041768e-04   1.1193618e-04   1.0103490e-04   9.3023656e-05   9.0063184e-05   8.5720544e-05   2.9964320e-05   0.0000000e+00
   3.0800000e+02   1.2347074e-04   1.2002671e-04   1.1157275e-04   1.0070687e-04   9.2721631e-05   8.9770771e-05   8.5442230e-05   4.0787717e-05   0.0000000e+00
   3.0900000e+02   1.2307116e-04   1.1963828e-04   1.1121168e-04   1.0038095e-04   9.2421561e-05   8.9480251e-05   8.5165718e-05   4.3824243e-05   0.0000000e+00
   3.1000000e+02   1.2267415e-04   1.1925235e-04   1.1085293e-04   1.0005715e-04   9.2123427e-05   8.9191605e-05   8.4890990e-05   5.4688914e-05   0.0000000e+00
   3.1100000e+02   1.2227970e-04   1.1886890e-04   1.1049649e-04   9.9735418e-05   9.1827210e-05   8.8904815e-05   8.4618029e-05   8.9212937e-05   0.0000000e+00
   3.1200000e+02   1.2188778e-04   1.1848791e-04   1.1014233e-04   9.9415753e-05   9.1532892e-05   8.8619864e-05   8.4346817e-05   1.0003437e-04   0.0000000e+00
   3.1300000e+02   1.2149836e-04   1.1810935e-04   1.0979044e-04   9.9098131e-05   9.1240455e-05   8.8336734e-05   8.4077339e-05   1.1462738e-04   0.0000000e+00
   3.1400000e+02   1.2111142e-04   1.1773321e-04   1.0944079e-04   9.8782532e-05   9.0949880e-05   8.8055406e-05   8.3809576e-05   1.2827308e-04   0.0000000e+00
   3.1500000e+02   1.2072694e-04   1.1735945e-04   1.0909336e-04   9.8468937e-05   9.0661150e-05   8.7775865e-05   8.3543514e-05   1.4482165e-04   0.0000000e+00
   3.1600000e+02   1.2034490e-04   1.1698806e-04   1.0874813e-04   9.8157326e-05   9.0374248e-05   8.7498094e-05   8.3279136e-05   1.3185402e-04   0.0000000e+00
   3.1700000e+02   1.1996526e-04   1.1661901e-04   1.0840507e-04   9.7847681e-05   9.0089156e-05   8.7222075e-05   8.3016426e-05   1.8282048e-04   0.0000000e+00
   3.1800000e+02   1.1958801e-04   1.1625229e-04   1.0806418e-04   9.7539984e-05   8.9805856e-05   8.6947791e-05   8.2755368e-05   1.8831374e-04   0.0000000e+00
   3.1900000e+02   1.1921313e-04   1.1588786e-04   1.0772542e-04   9.7234216e-05   8.9524333e-05   8.6675228e-05   8.2495947e-05   2.1562282e-04   0.0000000e+00
   3.2000000e+02   1.1884059e-04   1.1552571e-04   1.0738878e-04   9.6930359e-05   8.9244570e-05   8.6404368e-05   8.2238147e-05   2.2163692e-04   0.0000000e+00
   3.2100000e+02   1.1847037e-04   1.1516582e-04   1.0705423e-04   9.6628396e-05   8.8966549e-05   8.6135195e-05   8.1981953e-05   2.6363728e-04   0.0000000e+00
   3.2200000e+02   1.1810245e-04   1.1480816e-04   1.0672177e-04   9.6328307e-05   8.8690256e-05   8.5867694e-05   8.1727351e-05   2.3977746e-04   0.0000000e+00
   3.2300000e+02   1.1773680e-04   1.1445272e-04   1.0639136e-04   9.6030077e-05   8.8415673e-05   8.5601850e-05   8.1474325e-05   2.2843716e-04   0.0000000e+00
   3.2400000e+02   1.1737342e-04   1.1409947e-04   1.0606299e-04   9.5733688e-05   8.8142785e-05   8.5337647e-05   8.1222861e-05   2.9189957e-04   0.0000000e+00
   3.2500000e+02   1.1701227e-04   1.1374839e-04   1.0573664e-04   9.5439123e-05   8.7871576e-05   8.5075070e-05   8.0972945e-05   3.0471391e-04   0.0000000e+00
   3.2600000e+02   1.1665334e-04   1.1339947e-04   1.0541230e-04   9.5146365e-05   8.7602032e-05   8.4814103e-05   8.0724561e-05   4.1013737e-04   0.0000000e+00
   3.2700000e+02   1.1629660e-04   1.1305268e-04   1.0508993e-04   9.4855398e-05   8.7334135e-05   8.4554733e-05   8.0477697e-05   4.2912303e-04   0.0000000e+00
   3.2800000e+02   1.1594203e-04   1.1270801e-04   1.0476954e-04   9.4566204e-05   8.7067873e-05   8.4296944e-05   8.0232338e-05   3.8861636e-04   0.0000000e+00
   3.2900000e+02   1.1558963e-04   1.1236543e-04   1.0445109e-04   9.4278769e-05   8.6803229e-05   8.4040722e-05   7.9988471e-05   4.5787667e-04   0.0000000e+00
   3.3000000e+02   1.1523936e-04   1.1202493e-04   1.0413457e-04   9.3993076e-05   8.6540189e-05   8.3786053e-05   7.9746082e-05   5.1477468e-04   0.0000000e+00
   3.3100000e+02   1.1489120e-04   1.1168649e-04   1.0381997e-04   9.3709109e-05   8.6278738e-05   8.3532923e-05   7.9505157e-05   4.4879657e-04   0.0000000e+00
   3.3200000e+02   1.1454514e-04   1.1135008e-04   1.0350725e-04   9.3426852e-05   8.6018862e-05   8.3281318e-05   7.9265684e-05   4.8167753e-04   0.0000000e+00
   3.3300000e+02   1.1420116e-04   1.1101570e-04   1.0319642e-04   9.3146291e-05   8.5760547e-05   8.3031224e-05   7.9027649e-05   4.7686233e-04   0.0000000e+00
   3.3400000e+02   1.1385924e-04   1.1068331e-04   1.0288745e-04   9.2867410e-05   8.5503779e-05   8.2782628e-05   7.8791039e-05   4.6821462e-04   0.0000000e+00
   3.3500000e+02   1.1351937e-04   1.1035292e-04   1.0258032e-04   9.2590194e-05   8.5248544e-05   8.2535515e-05   7.8555842e-05   5.2037604e-04   0.0000000e+00
   3.3600000e+02   1.1318151e-04   1.1002449e-04   1.0227503e-04   9.2314628e-05   8.4994828e-05   8.2289874e-05   7.8322045e-05   4.6801808e-04   0.0000000e+00
   3.3700000e+02   1.1284566e-04   1.0969800e-04   1.0197154e-04   9.2040697e-05   8.4742618e-05   8.2045690e-05   7.8089635e-05   4.2780622e-04   0.0000000e+00
   3.3800000e+02   1.1251180e-04   1.0937345e-04   1.0166985e-04   9.1768388e-05   8.4491900e-05   8.1802952e-05   7.7858601e-05   4.9765614e-04   0.0000000e+00
   3.3900000e+02   1.1217990e-04   1.0905082e-04   1.0136994e-04   9.1497684e-05   8.4242662e-05   8.1561645e-05   7.7628929e-05   5.3254180e-04   0.0000000e+00
   3.4000000e+02   1.1184996e-04   1.0873008e-04   1.0107179e-04   9.1228574e-05   8.3994889e-05   8.1321758e-05   7.7400609e-05   5.8291472e-04   0.0000000e+00
   3.4100000e+02   1.1152196e-04   1.0841122e-04   1.0077539e-04   9.0961041e-05   8.3748570e-05   8.1083277e-05   7.7173627e-05   5.4897245e-04   0.0000000e+00
   3.4200000e+02   1.1119587e-04   1.0809423e-04   1.0048073e-04   9.0695073e-05   8.3503691e-05   8.0846192e-05   7.6947974e-05   5.7234092e-04   0.0000000e+00
   3.4300000e+02   1.1087168e-04   1.0777909e-04   1.0018778e-04   9.0430656e-05   8.3260240e-05   8.0610489e-05   7.6723635e-05   6.0646008e-04   0.0000000e+00
   3.4400000e+02   1.1054938e-04   1.0746578e-04   9.9896536e-05   9.0167776e-05   8.3018204e-05   8.0376156e-05   7.6500602e-05   4.9826541e-04   0.0000000e+00
   3.4500000e+02   1.1022895e-04   1.0715428e-04   9.9606981e-05   8.9906420e-05   8.2777572e-05   8.0143182e-05   7.6278861e-05   5.4743945e-04   0.0000000e+00
   3.4600000e+02   1.0991037e-04   1.0684459e-04   9.9319100e-05   8.9646575e-05   8.2538330e-05   7.9911554e-05   7.6058402e-05   5.7255712e-04   0.0000000e+00
   3.4700000e+02   1.0959362e-04   1.0653668e-04   9.9032877e-05   8.9388228e-05   8.2300468e-05   7.9681261e-05   7.5839213e-05   5.9586663e-04   0.0000000e+00
   3.4800000e+02   1.0927870e-04   1.0623054e-04   9.8748300e-05   8.9131365e-05   8.2063972e-05   7.9452292e-05   7.5621284e-05   5.7597689e-04   0.0000000e+00
   3.4900000e+02   1.0896558e-04   1.0592615e-04   9.8465354e-05   8.8875974e-05   8.1828832e-05   7.9224635e-05   7.5404605e-05   5.6728987e-04   0.0000000e+00
   3.5000000e+02   1.0865425e-04   1.0562351e-04   9.8184024e-05   8.8622043e-05   8.1595035e-05   7.8998279e-05   7.5189163e-05   6.4686847e-04   0.0000000e+00
   3.5100000e+02   1.0834469e-04   1.0532258e-04   9.7904298e-05   8.8369558e-05   8.1362571e-05   7.8773213e-05   7.4974949e-05   6.8008355e-04   0.0000000e+00
   3.5200000e+02   1.0803690e-04   1.0502337e-04   9.7626160e-05   8.8118509e-05   8.1131427e-05   7.8549425e-05   7.4761952e-05   6.4217119e-04   0.0000000e+00
   3.5300000e+02   1.0773084e-04   1.0472586e-04   9.7349599e-05   8.7868881e-05   8.0901593e-05   7.8326905e-05   7.4550161e-05   6.4808702e-04   0.0000000e+00
   3.5400000e+02   1.0742652e-04   1.0443002e-04   9.7074600e-05   8.7620664e-05   8.0673057e-05   7.8105643e-05   7.4339568e-05   7.5712680e-04   0.0000000e+00
   3.5500000e+02   1.0712391e-04   1.0413585e-04   9.6801151e-05   8.7373845e-05   8.0445809e-05   7.7885627e-05   7.4130160e-05   7.6925325e-04   0.0000000e+00
   3.5600000e+02   1.0682300e-04   1.0384333e-04   9.6529237e-05   8.7128413e-05   8.0219838e-05   7.7666847e-05   7.3921930e-05   7.0020913e-04   0.0000000e+00
   3.5700000e+02   1.0652377e-04   1.0355246e-04   9.6258847e-05   8.6884356e-05   7.9995132e-05   7.7449293e-05   7.3714865e-05   5.8032040e-04   0.0000000e+00
   3.5800000e+02   1.0622622e-04   1.0326320e-04   9.5989968e-05   8.6641662e-05   7.9771682e-05   7.7232954e-05   7.3508958e-05   5.4905106e-04   0.0000000e+00
   3.5900000e+02   1.0593033e-04   1.0297556e-04   9.5722586e-05   8.6400320e-05   7.9549477e-05   7.7017821e-05   7.3304198e-05   6.0239172e-04   0.0000000e+00
   3.6000000e+02   1.0563608e-04   1.0268952e-04   9.5456690e-05   8.6160319e-05   7.9328506e-05   7.6803882e-05   7.3100575e-05   7.7121864e-04   0.0000000e+00
   3.6100000e+02   1.0534346e-04   1.0240506e-04   9.5192267e-05   8.5921648e-05   7.9108760e-05   7.6591129e-05   7.2898080e-05   6.7369603e-04   0.0000000e+00
   3.6200000e+02   1.0505245e-04   1.0212217e-04   9.4929305e-05   8.5684296e-05   7.8890227e-05   7.6379551e-05   7.2696704e-05   6.9476500e-04   0.0000000e+00
   3.6300000e+02   1.0476305e-04   1.0184085e-04   9.4667792e-05   8.5448251e-05   7.8672899e-05   7.6169139e-05   7.2496438e-05   7.8625386e-04   0.0000000e+00
   3.6400000e+02   1.0447524e-04   1.0156106e-04   9.4407715e-05   8.5213503e-05   7.8456765e-05   7.5959884e-05   7.2297272e-05   7.9543223e-04   0.0000000e+00
   3.6500000e+02   0.0000000e+00   1.0128281e-04   9.4149064e-05   8.4980041e-05   7.8241815e-05   7.5751774e-05   7.2099197e-05   8.2172913e-04   0.0000000e+00
   3.6600000e+02   1.0390434e-04   1.0100608e-04   9.3891826e-05   8.4747855e-05   7.8028039e-05   7.5544802e-05   7.1902205e-05   9.7302478e-04   0.0000000e+00
   3.6700000e+02   1.0362122e-04   1.0073086e-04   9.3635990e-05   8.4516935e-05   7.7815429e-05   7.5338958e-05   7.1706286e-05   9.6046594e-04   0.0000000e+00
   3.6800000e+02   1.0333964e-04   1.0045714e-04   9.3381545e-05   8.4287269e-05   7.7603974e-05   7.5134233e-05   7.1511432e-05   8.9069463e-04   0.0000000e+00
   3.6900000e+02   1.0305959e-04   1.0018490e-04   9.3128478e-05   8.4058848e-05   7.7393665e-05   7.4930617e-05   7.1317634e-05   9.2852837e-04   0.0000000e+00
   3.7000000e+02   1.0278105e-04   9.9914127e-05   9.2876780e-05   8.3831662e-05   7.7184493e-05   7.4728102e-05   7.1124884e-05   1.0154379e-03   0.0000000e+00
   3.7100000e+02   1.0250401e-04   9.9644817e-05   9.2626438e-05   8.3605701e-05   7.6976448e-05   7.4526678e-05   7.0933172e-05   9.3607546e-04   0.0000000e+00
   3.7200000e+02   1.0222846e-04   9.9376955e-05   9.2377442e-05   8.3380954e-05   7.6769522e-05   7.4326338e-05   7.0742492e-05   9.1402380e-04   0.0000000e+00
   3.7300000e+02   1.0195439e-04   9.9110528e-05   9.2129781e-05   8.3157413e-05   7.6563706e-05   7.4127071e-05   7.0552834e-05   8.4183506e-04   0.0000000e+00
   3.7400000e+02   1.0168178e-04   9.8845527e-05   9.1883445e-05   8.2935067e-05   7.6358990e-05   7.3928871e-05   7.0364190e-05   7.5964249e-04   0.0000000e+00
   3.7500000e+02   1.0141063e-04   9.8581939e-05   9.1638423e-05   8.2713907e-05   7.6155366e-05   7.3731727e-05   7.0176552e-05   8.0751937e-04   0.0000000e+00
   3.7600000e+02   1.0114092e-04   9.8319753e-05   9.1394703e-05   8.2493923e-05   7.5952825e-05   7.3535632e-05   6.9989912e-05   9.2801737e-04   0.0000000e+00
   3.7700000e+02   1.0087265e-04   9.8058958e-05   9.1152277e-05   8.2275106e-05   7.5751359e-05   7.3340577e-05   6.9804263e-05   9.8296964e-04   0.0000000e+00
   3.7800000e+02   1.0060579e-04   9.7799543e-05   9.0911133e-05   8.2057447e-05   7.5550958e-05   7.3146555e-05   6.9619595e-05   1.1854047e-03   0.0000000e+00
   3.7900000e+02   1.0034034e-04   9.7541496e-05   9.0671262e-05   8.1840937e-05   7.5351616e-05   7.2953556e-05   6.9435902e-05   1.0341091e-03   0.0000000e+00
   3.8000000e+02   1.0007628e-04   9.7284808e-05   9.0432654e-05   8.1625566e-05   7.5153322e-05   7.2761573e-05   6.9253176e-05   9.7780067e-04   0.0000000e+00
   3.8100000e+02   9.9813615e-05   9.7029467e-05   9.0195298e-05   8.1411325e-05   7.4956069e-05   7.2570597e-05   6.9071409e-05   1.0696433e-03   0.0000000e+00
   3.8200000e+02   9.9552323e-05   9.6775464e-05   8.9959184e-05   8.1198207e-05   7.4759849e-05   7.2380622e-05   6.8890594e-05   8.2463791e-04   0.0000000e+00
   3.8300000e+02   9.9292395e-05   9.6522786e-05   8.9724304e-05   8.0986201e-05   7.4564654e-05   7.2191639e-05   6.8710723e-05   6.4166019e-04   0.0000000e+00
   3.8400000e+02   9.9033821e-05   9.6271425e-05   8.9490647e-05   8.0775299e-05   7.4370475e-05   7.2003640e-05   6.8531789e-05   7.2108156e-04   0.0000000e+00
   3.8500000e+02   9.8776591e-05   9.6021369e-05   8.9258204e-05   8.0565494e-05   7.4177305e-05   7.1816617e-05   6.8353784e-05   9.5592589e-04   0.0000000e+00
   3.8600000e+02   9.8520693e-05   9.5772609e-05   8.9026965e-05   8.0356775e-05   7.3985135e-05   7.1630564e-05   6.8176702e-05   8.8411058e-04   0.0000000e+00
   3.8700000e+02   9.8266117e-05   9.5525135e-05   8.8796921e-05   8.0149134e-05   7.3793959e-05   7.1445472e-05   6.8000535e-05   9.3047410e-04   0.0000000e+00
   3.8800000e+02   9.8012854e-05   9.5278936e-05   8.8568063e-05   7.9942564e-05   7.3603769e-05   7.1261334e-05   6.7825276e-05   9.1095779e-04   0.0000000e+00
   3.8900000e+02   9.7760893e-05   9.5034003e-05   8.8340382e-05   7.9737057e-05   7.3414556e-05   7.1078143e-05   6.7650918e-05   9.8507261e-04   0.0000000e+00
   3.9000000e+02   9.7510224e-05   9.4790326e-05   8.8113868e-05   7.9532603e-05   7.3226314e-05   7.0895891e-05   6.7477454e-05   1.1489074e-03   0.0000000e+00
   3.9100000e+02   9.7260837e-05   9.4547895e-05   8.7888513e-05   7.9329194e-05   7.3039034e-05   7.0714572e-05   6.7304877e-05   1.2310017e-03   0.0000000e+00
   3.9200000e+02   9.7012723e-05   9.4306702e-05   8.7664307e-05   7.9126824e-05   7.2852710e-05   7.0534178e-05   6.7133181e-05   1.1528186e-03   0.0000000e+00
   3.9300000e+02   9.6765871e-05   9.4066736e-05   8.7441243e-05   7.8925483e-05   7.2667334e-05   7.0354701e-05   6.6962359e-05   6.9775240e-04   0.0000000e+00
   3.9400000e+02   9.6520273e-05   9.3827988e-05   8.7219311e-05   7.8725165e-05   7.2482899e-05   7.0176136e-05   6.6792403e-05   7.2287007e-04   0.0000000e+00
   3.9500000e+02   9.6275918e-05   9.3590448e-05   8.6998502e-05   7.8525861e-05   7.2299398e-05   6.9998475e-05   6.6623309e-05   1.1811202e-03   0.0000000e+00
   3.9600000e+02   9.6032797e-05   9.3354109e-05   8.6778809e-05   7.8327563e-05   7.2116824e-05   6.9821711e-05   6.6455068e-05   1.1093245e-03   0.0000000e+00
   3.9700000e+02   9.5790900e-05   9.3118960e-05   8.6560223e-05   7.8130265e-05   7.1935170e-05   6.9645838e-05   6.6287675e-05   6.2660531e-04   0.0000000e+00
   3.9800000e+02   9.5550220e-05   9.2884993e-05   8.6342735e-05   7.7933957e-05   7.1754428e-05   6.9470848e-05   6.6121123e-05   1.2567483e-03   0.0000000e+00
   3.9900000e+02   9.5310745e-05   9.2652198e-05   8.6126337e-05   7.7738634e-05   7.1574592e-05   6.9296736e-05   6.5955406e-05   1.5803300e-03   0.0000000e+00
   4.0000000e+02   9.5072469e-05   9.2420568e-05   8.5911021e-05   7.7544288e-05   1.4279131e-04   6.9123494e-05   1.3158103e-04   1.6507105e-03   0.0000000e+00
   4.0100000e+02   9.4835380e-05   9.2190092e-05   8.5696779e-05   7.7350910e-05   1.4243522e-04   1.3790223e-04   1.3125290e-04   1.7234692e-03   0.0000000e+00
   4.0200000e+02   9.4599471e-05   9.1960764e-05   8.5483603e-05   7.7158495e-05   1.4208091e-04   1.3755919e-04   1.3092640e-04   1.7961100e-03   0.0000000e+00
   4.0300000e+02   9.4364733e-05   9.1732573e-05   8.5271485e-05   1.5393407e-04   1.4172835e-04   1.3721785e-04   1.3060152e-04   1.7336893e-03   0.0000000e+00
   4.0400000e+02   9.4131157e-05   9.1505513e-05   1.7012083e-04   1.5355304e-04   1.4137754e-04   1.3687821e-04   1.9541738e-04   1.7658823e-03   0.0000000e+00
   4.0500000e+02   9.3898734e-05   9.1279573e-05   1.6970078e-04   1.5317390e-04   2.1154268e-04   2.0481035e-04   1.9493487e-04   1.7265746e-03   0.0000000e+00
   4.0600000e+02   9.3667457e-05   9.1054747e-05   1.6928280e-04   1.5279663e-04   2.1102164e-04   2.0430589e-04   2.5927298e-04   1.6878367e-03   0.0000000e+00
   4.0700000e+02   9.3437316e-05   9.0831025e-05   1.6886687e-04   2.2863181e-04   2.8067088e-04   2.7173855e-04   2.5863594e-04   1.6616381e-03   0.0000000e+00
   4.0800000e+02   9.3208303e-05   9.0608400e-05   2.5267947e-04   2.2807143e-04   3.4997870e-04   3.3884066e-04   3.2250254e-04   1.7391334e-03   0.0000000e+00
   4.0900000e+02   9.2980409e-05   9.0386863e-05   2.5206168e-04   3.0335174e-04   4.1894761e-04   4.0561463e-04   3.8605683e-04   1.8615575e-03   0.0000000e+00
   4.1000000e+02   9.2753628e-05   9.0166408e-05   3.3526252e-04   3.7826482e-04   4.8758009e-04   4.7206289e-04   5.1348697e-04   1.5901962e-03   0.0000000e+00
   4.1100000e+02   9.2527950e-05   8.9947025e-05   4.1805850e-04   4.5281336e-04   6.2536341e-04   5.3818779e-04   5.7626731e-04   1.7839836e-03   0.0000000e+00
   4.1200000e+02   9.2303368e-05   8.9728707e-05   5.0045255e-04   5.2700001e-04   7.6247788e-04   6.7110188e-04   7.0261718e-04   1.9002560e-03   0.0000000e+00
   4.1300000e+02   9.2079873e-05   8.9511446e-05   5.8244760e-04   6.0082741e-04   8.9892835e-04   8.0337233e-04   8.9207481e-04   1.8268487e-03   0.0000000e+00
   4.1400000e+02   9.1857458e-05   8.9295235e-05   6.6404654e-04   7.4922017e-04   1.1037010e-03   9.3500378e-04   1.0806172e-03   1.8107915e-03   0.0000000e+00
   4.1500000e+02   9.1636114e-05   8.9080065e-05   8.2805803e-04   8.9689778e-04   1.3074867e-03   1.1326259e-03   1.2682509e-03   1.8783026e-03   0.0000000e+00
   4.1600000e+02   9.1415835e-05   8.8865930e-05   9.9128101e-04   1.0438654e-03   1.5789424e-03   1.3957629e-03   1.5815028e-03   1.9384238e-03   0.0000000e+00
   4.1700000e+02   9.1196613e-05   8.8652823e-05   1.1537211e-03   1.2645112e-03   1.9175812e-03   1.7239433e-03   1.8932523e-03   1.8944777e-03   0.0000000e+00
   4.1800000e+02   9.0978439e-05   8.8440735e-05   1.3975956e-03   1.5583063e-03   2.2545997e-03   2.0505534e-03   2.2664676e-03   1.8158622e-03   0.0000000e+00
   4.1900000e+02   9.0761307e-05   8.8229659e-05   1.6403059e-03   1.8506990e-03   2.7263258e-03   2.4415936e-03   2.7635158e-03   1.8937309e-03   0.0000000e+00
   4.2000000e+02   9.0545208e-05   8.8019588e-05   1.9636805e-03   2.2155511e-03   3.2638014e-03   2.9624355e-03   3.3208547e-03   1.7387207e-03   0.0000000e+00
   4.2100000e+02   9.0330136e-05   8.7810516e-05   2.2855189e-03   2.6523462e-03   3.8665581e-03   3.5464786e-03   3.9380547e-03   1.9785571e-03   0.0000000e+00
   4.2200000e+02   9.0116084e-05   8.7602434e-05   2.7686964e-03   3.2340746e-03   4.6018053e-03   4.1932736e-03   4.6770510e-03   1.9555424e-03   0.0000000e+00
   4.2300000e+02   8.9903044e-05   8.7395336e-05   3.2495895e-03   3.8130524e-03   5.4010898e-03   5.0331055e-03   5.5369797e-03   1.8972096e-03   0.0000000e+00
   4.2400000e+02   0.0000000e+00   8.7189215e-05   3.8092623e-03   4.5356093e-03   6.3313129e-03   5.9341868e-03   6.5169852e-03   1.8903504e-03   0.0000000e+00
   4.2500000e+02   8.9479970e-05   8.6984064e-05   4.4471587e-03   5.3277487e-03   7.3915502e-03   6.9611425e-03   7.6781404e-03   1.9518671e-03   0.0000000e+00
   4.2600000e+02   8.9269924e-05   8.6779876e-05   5.1627280e-03   6.2617922e-03   8.5808863e-03   8.1130862e-03   8.8956193e-03   1.8998826e-03   0.0000000e+00
   4.2700000e+02   8.9060861e-05   1.7315329e-04   5.8749457e-03   7.3367429e-03   9.8315329e-03   9.4538924e-03   1.0292287e-02   1.8386214e-03   0.0000000e+00
   4.2800000e+02   8.8852774e-05   1.7274872e-04   6.7444166e-03   8.5516130e-03   1.1209785e-02   1.0982237e-02   1.1866888e-02   1.8597493e-03   0.0000000e+00
   4.2900000e+02   8.8645658e-05   1.7234605e-04   7.6899376e-03   9.9054241e-03   1.2714751e-02   1.2503457e-02   1.3618177e-02   1.7249433e-03   0.0000000e+00
   4.3000000e+02   8.8439506e-05   1.7194524e-04   8.6310607e-03   1.1397207e-02   1.4345546e-02   1.4210504e-02   1.5544922e-02   1.3784059e-03   0.0000000e+00
   4.3100000e+02   8.8234310e-05   1.7154630e-04   9.5678167e-03   1.2954034e-02   1.5902513e-02   1.5973782e-02   1.7462727e-02   1.2535054e-03   0.0000000e+00
   4.3200000e+02   8.8030064e-05   2.5672380e-04   1.0420689e-02   1.4575454e-02   1.7452271e-02   1.7728896e-02   1.9493487e-02   2.0888154e-03   0.0000000e+00
   4.3300000e+02   8.7826761e-05   2.5613090e-04   1.1190258e-02   1.6261019e-02   1.8928918e-02   1.9412048e-02   2.1575643e-02   1.9467178e-03   0.0000000e+00
   4.3400000e+02   8.7624395e-05   3.4072099e-04   1.1877100e-02   1.7867347e-02   2.0267154e-02   2.0960027e-02   2.3526932e-02   1.8013380e-03   0.0000000e+00
   4.3500000e+02   8.7422960e-05   3.3993772e-04   1.2323788e-02   1.9394985e-02   2.1270982e-02   2.2310204e-02   2.5287758e-02   1.9791467e-03   0.0000000e+00
   4.3600000e+02   8.7222448e-05   4.2394756e-04   1.2610792e-02   2.0631049e-02   2.2008202e-02   2.3400522e-02   2.6799073e-02   2.1739167e-03   0.0000000e+00
   4.3700000e+02   8.7022855e-05   5.0757291e-04   1.2581934e-02   2.1506562e-02   2.2284594e-02   2.4232767e-02   2.7881931e-02   2.2220688e-03   0.0000000e+00
   4.3800000e+02   8.6824172e-05   5.0641407e-04   1.2396293e-02   2.2094811e-02   2.2298917e-02   2.4745580e-02   2.8539266e-02   1.9529677e-03   0.0000000e+00
   4.3900000e+02   8.6626395e-05   5.8947059e-04   1.1898383e-02   2.2256447e-02   2.1922857e-02   2.4878160e-02   2.8773985e-02   1.8819189e-03   0.0000000e+00
   4.4000000e+02   8.6429517e-05   6.7214958e-04   1.1324635e-02   2.1994380e-02   2.1288886e-02   2.4758779e-02   2.8588970e-02   2.1605521e-03   0.0000000e+00
   4.4100000e+02   8.6233532e-05   7.5445361e-04   1.0597641e-02   2.1381826e-02   2.0398759e-02   2.4389151e-02   2.8046751e-02   2.1342159e-03   0.0000000e+00
   4.4200000e+02   8.6038433e-05   9.2002375e-04   9.7961888e-03   2.0421165e-02   1.9448047e-02   2.3770975e-02   2.7209291e-02   2.2877128e-03   0.0000000e+00
   4.4300000e+02   8.5844215e-05   1.0013967e-03   8.9983553e-03   1.9324807e-02   1.8437163e-02   2.3030762e-02   2.6197398e-02   2.3236794e-03   0.0000000e+00
   4.4400000e+02   8.5650873e-05   1.1656648e-03   8.2041155e-03   1.8163527e-02   1.7623793e-02   2.2231610e-02   2.5249334e-02   2.2674693e-03   0.0000000e+00
   4.4500000e+02   8.5458399e-05   1.3291947e-03   7.4906688e-03   1.6937763e-02   1.6878254e-02   2.1311783e-02   2.4305530e-02   2.3568945e-03   0.0000000e+00
   4.4600000e+02   8.5266788e-05   1.5748796e-03   6.8574716e-03   1.5717497e-02   1.6264122e-02   2.0520069e-02   2.3365960e-02   2.1159378e-03   0.0000000e+00
   4.4700000e+02   8.5076035e-05   1.7367623e-03   6.3039854e-03   1.4641472e-02   1.5780516e-02   1.9793752e-02   2.2607211e-02   2.4089773e-03   0.0000000e+00
   4.4800000e+02   8.4886133e-05   1.9804407e-03   5.7529702e-03   1.3639486e-02   1.5490307e-02   1.9194113e-02   2.2028075e-02   2.4414062e-03   0.0000000e+00
   4.4900000e+02   8.4697077e-05   2.2230337e-03   5.2809447e-03   1.2711046e-02   1.5328600e-02   1.8720305e-02   2.1568740e-02   2.4388512e-03   0.0000000e+00
   4.5000000e+02   8.4508861e-05   2.4645485e-03   4.8873825e-03   1.1924588e-02   1.5231073e-02   1.8310046e-02   2.1228407e-02   2.5316175e-03   0.0000000e+00
   4.5100000e+02   8.4321480e-05   2.7869617e-03   4.4193696e-03   1.1210394e-02   1.5197301e-02   1.7962912e-02   2.1006285e-02   2.6289043e-03   0.0000000e+00
   4.5200000e+02   8.4134928e-05   3.0261602e-03   4.0294550e-03   1.0567983e-02   1.5226861e-02   1.7678487e-02   2.0785146e-02   2.5200217e-03   0.0000000e+00
   4.5300000e+02   8.3949200e-05   3.2643026e-03   3.6412618e-03   9.9284077e-03   1.5193248e-02   1.7395316e-02   2.0506890e-02   2.3297721e-03   0.0000000e+00
   4.5400000e+02   8.3764290e-05   3.5013960e-03   3.3304713e-03   9.3599713e-03   1.5222686e-02   1.7113394e-02   2.0229860e-02   2.5019402e-03   0.0000000e+00
   4.5500000e+02   8.3580192e-05   3.6561983e-03   2.9455207e-03   8.7940335e-03   1.5126464e-02   1.6771942e-02   1.9896209e-02   2.4871998e-03   0.0000000e+00
   4.5600000e+02   8.3396902e-05   3.7292510e-03   2.6376191e-03   8.2305779e-03   1.5030664e-02   1.6431988e-02   1.9448600e-02   2.5723011e-03   0.0000000e+00
   4.5700000e+02   8.3214415e-05   3.8019840e-03   2.4062605e-03   7.6017157e-03   1.4747812e-02   1.5972519e-02   1.8830196e-02   2.5968685e-03   0.0000000e+00
   4.5800000e+02   8.3032724e-05   3.7936827e-03   2.1008809e-03   7.0433239e-03   1.4403840e-02   1.5454685e-02   1.8099575e-02   2.5443926e-03   0.0000000e+00
   4.5900000e+02   8.2851824e-05   3.7048768e-03   1.8716998e-03   6.4873652e-03   1.3999148e-02   1.4878870e-02   1.7314803e-02   2.5272937e-03   0.0000000e+00
   4.6000000e+02   8.2671712e-05   3.6164570e-03   1.7182204e-03   6.0012536e-03   1.3472050e-02   1.4185343e-02   1.6419025e-02   2.5139290e-03   0.0000000e+00
   4.6100000e+02   8.2492381e-05   3.4482294e-03   1.5654069e-03   5.5172508e-03   1.2885290e-02   1.3494825e-02   1.5527133e-02   2.6051231e-03   0.0000000e+00
   4.6200000e+02   8.2313826e-05   3.2807301e-03   1.4132549e-03   5.0353433e-03   1.2239255e-02   1.2747450e-02   1.4582141e-02   2.6320489e-03   0.0000000e+00
   4.6300000e+02   8.2136042e-05   3.0341094e-03   1.2617601e-03   4.6225104e-03   1.1534331e-02   1.1943584e-02   1.3641230e-02   2.6438413e-03   0.0000000e+00
   4.6400000e+02   8.1959025e-05   2.8682245e-03   1.1849796e-03   4.2783055e-03   1.0832444e-02   1.1202773e-02   1.2647660e-02   2.5658153e-03   0.0000000e+00
   4.6500000e+02   8.1782769e-05   2.6235516e-03   1.1085293e-03   3.8688763e-03   1.0072161e-02   1.0405687e-02   1.1714957e-02   2.5363345e-03   0.0000000e+00
   4.6600000e+02   8.1607269e-05   2.4592597e-03   1.0324071e-03   3.5943275e-03   9.3151414e-03   9.7306893e-03   1.0842729e-02   2.5923481e-03   0.0000000e+00
   4.6700000e+02   8.1432521e-05   2.2165104e-03   8.8302548e-04   3.2545354e-03   8.6225160e-03   8.9993757e-03   9.9742369e-03   2.4795347e-03   0.0000000e+00
   4.6800000e+02   8.1258520e-05   2.0537904e-03   8.0771045e-04   2.9824726e-03   7.9328506e-03   8.3302672e-03   9.2219187e-03   2.5899896e-03   0.0000000e+00
   4.6900000e+02   8.1085261e-05   1.8917643e-03   7.3271660e-04   2.7777058e-03   7.3070181e-03   7.7229661e-03   8.5289200e-03   2.6035508e-03   0.0000000e+00
   4.7000000e+02   8.0912739e-05   1.8090835e-03   6.5804186e-04   2.5078153e-03   6.7446109e-03   7.1182492e-03   7.8388702e-03   2.5056744e-03   0.0000000e+00
   4.7100000e+02   8.0740950e-05   1.6482649e-03   6.5664475e-04   2.3049257e-03   6.2452251e-03   6.5748037e-03   7.2634966e-03   2.5500922e-03   0.0000000e+00
   4.7200000e+02   8.0569889e-05   1.5664503e-03   5.8244760e-04   2.1686114e-03   5.8084601e-03   6.0336609e-03   6.7463158e-03   2.6849179e-03   0.0000000e+00
   4.7300000e+02   8.0399551e-05   1.4849816e-03   5.0856418e-04   1.9672969e-03   5.3735420e-03   5.6117171e-03   6.2313217e-03   2.5833073e-03   0.0000000e+00
   4.7400000e+02   8.0229931e-05   1.3258647e-03   4.3499251e-04   1.8322701e-03   4.9404589e-03   5.1332215e-03   5.7740201e-03   2.6147535e-03   0.0000000e+00
   4.7500000e+02   0.0000000e+00   1.2452455e-03   4.3407674e-04   1.6325113e-03   4.5693220e-03   4.7149499e-03   5.3186439e-03   2.7033925e-03   5.4482661e-05
   4.7600000e+02   0.0000000e+00   1.1649651e-03   3.6097068e-04   1.4987551e-03   4.1997445e-03   4.3565227e-03   4.8098950e-03   2.6137708e-03   1.0072298e-04
   4.7700000e+02   0.0000000e+00   1.0850213e-03   3.6021392e-04   1.3655598e-03   3.8317165e-03   3.9995984e-03   4.4136196e-03   2.6320489e-03   1.4696331e-04
   4.7800000e+02   0.0000000e+00   9.2807265e-04   2.8756827e-04   1.2329217e-03   3.5249738e-03   3.6441675e-03   4.0190023e-03   2.7199018e-03   1.9470762e-04
   4.7900000e+02   0.0000000e+00   8.4895720e-04   2.8696792e-04   1.1008375e-03   3.2195118e-03   3.2902206e-03   3.6260327e-03   2.6701775e-03   2.4423894e-04
   4.8000000e+02   0.0000000e+00   7.7017140e-04   2.8637007e-04   9.6930359e-04   2.9153226e-03   2.9953514e-03   3.2895259e-03   2.7171503e-03   2.9377026e-04
   4.8100000e+02   7.9062344e-05   6.9171319e-04   2.1433103e-04   9.0280252e-04   2.6123982e-03   2.7591914e-03   3.0091297e-03   2.7193122e-03   3.4330158e-04
   4.8200000e+02   0.0000000e+00   6.9027810e-04   2.1388636e-04   8.3657738e-04   2.3699803e-03   2.4666475e-03   2.7298970e-03   2.7316941e-03   4.4152280e-04
   4.8300000e+02   0.0000000e+00   6.1231018e-04   2.1344353e-04   7.7062646e-04   2.1876930e-03   2.2898052e-03   2.4518205e-03   2.7008375e-03   5.4058606e-04
   4.8400000e+02   0.0000000e+00   5.3466444e-04   2.1300253e-04   7.0494807e-04   2.0061589e-03   2.0565668e-03   2.2292655e-03   2.6517028e-03   6.3964932e-04
   4.8500000e+02   0.0000000e+00   5.3356204e-04   2.1256335e-04   6.3954052e-04   1.8253735e-03   1.8812992e-03   2.0618884e-03   2.6448239e-03   8.1938834e-04
   4.8600000e+02   0.0000000e+00   4.5639787e-04   1.4141732e-04   5.7440213e-04   1.6453320e-03   1.7067529e-03   1.8410515e-03   2.1458117e-03   1.0769501e-03
   4.8700000e+02   0.0000000e+00   4.5546070e-04   1.4112693e-04   5.0953125e-04   1.5246711e-03   1.5329235e-03   1.6751590e-03   2.4046534e-03   1.1713508e-03
   4.8800000e+02   7.7928253e-05   3.7877282e-04   1.4083774e-04   4.4492624e-04   1.3459837e-03   1.4164650e-03   1.5638730e-03   2.6045335e-03   1.2175639e-03
   4.8900000e+02   7.7768890e-05   3.7799823e-04   1.4054973e-04   4.4401637e-04   1.2264284e-03   1.3004829e-03   1.3992257e-03   2.4551639e-03   1.1269292e-03
   4.9000000e+02   7.7610178e-05   3.0178145e-04   1.4026289e-04   3.7980876e-04   1.1656434e-03   1.1849742e-03   1.2889571e-03   2.7452553e-03   1.2746883e-03
   4.9100000e+02   7.7452113e-05   3.0116682e-04   1.3997722e-04   3.7903521e-04   1.0469424e-03   1.0699360e-03   1.1791376e-03   2.6405001e-03   1.7523557e-03
   4.9200000e+02   7.7294690e-05   3.0055469e-04   1.3969272e-04   3.1522068e-04   9.2872398e-04   1.0115633e-03   1.0697645e-03   2.5192356e-03   2.1597297e-03
   4.9300000e+02   7.7137906e-05   2.9994505e-04   6.9704682e-05   3.1458129e-04   8.6891265e-04   8.9734353e-04   9.6083514e-04   2.6963171e-03   2.2668953e-03
   4.9400000e+02   7.6981756e-05   2.2450340e-04   6.9563580e-05   2.5115559e-04   8.0934347e-04   8.3955661e-04   9.0561846e-04   2.6340143e-03   2.6830095e-03
   4.9500000e+02   7.6826237e-05   2.2404986e-04   6.9423047e-05   2.5064820e-04   7.5001497e-04   7.2614580e-04   7.9746082e-04   2.7983208e-03   3.0991238e-03
   4.9600000e+02   7.6671346e-05   2.2359815e-04   6.9283082e-05   2.5014286e-04   6.9092570e-04   6.6893704e-04   7.4279616e-04   2.6627090e-03   3.5484415e-03
   4.9700000e+02   7.6517077e-05   2.2314825e-04   6.9143679e-05   1.8722967e-04   6.3207422e-04   6.1195850e-04   6.8835149e-04   2.7098783e-03   4.0041307e-03
   4.9800000e+02   7.6363429e-05   1.4846678e-04   6.9004836e-05   1.8685370e-04   5.7345908e-04   5.5520879e-04   6.3412547e-04   2.6377485e-03   4.4598200e-03
   4.9900000e+02   7.6210396e-05   1.4816925e-04   6.8866550e-05   1.8647925e-04   5.1507888e-04   4.9868653e-04   5.2737890e-04   2.6393209e-03   4.9769921e-03
   5.0000000e+02   7.6057975e-05   1.4787291e-04   6.8728817e-05   1.8610629e-04   4.5693220e-04   4.4239036e-04   4.7369173e-04   2.6318524e-03   5.6011276e-03
   5.0100000e+02   0.0000000e+00   1.4757775e-04   6.8591634e-05   1.8573482e-04   3.9901764e-04   4.4150735e-04   4.7274623e-04   2.5530403e-03   6.1672381e-03
   5.0200000e+02   0.0000000e+00   1.4728377e-04   6.8454997e-05   1.2357655e-04   3.9822278e-04   3.8554937e-04   4.1938178e-04   2.5532368e-03   6.6386762e-03
   5.0300000e+02   0.0000000e+00   1.4699096e-04   6.8318903e-05   1.2333087e-04   3.4065522e-04   3.2981389e-04   3.6622952e-04   2.6723394e-03   7.1101143e-03
   5.0400000e+02   0.0000000e+00   7.3349657e-05   6.8183350e-05   1.2308617e-04   3.3997931e-04   3.2915950e-04   3.6550287e-04   2.4925063e-03   7.7436405e-03
   5.0500000e+02   0.0000000e+00   7.3204410e-05   6.8048334e-05   1.2284244e-04   2.8275507e-04   2.7375641e-04   3.1266781e-04   2.6725359e-03   8.3955777e-03
   5.0600000e+02   0.0000000e+00   7.3059737e-05   6.7913851e-05   1.2259966e-04   2.8219627e-04   2.7321539e-04   3.1204989e-04   2.7816150e-03   9.0705325e-03
   5.0700000e+02   0.0000000e+00   7.2915635e-05   6.7779898e-05   1.2235785e-04   2.2531173e-04   2.7267651e-04   2.5952867e-04   2.6627090e-03   9.7776678e-03
   5.0800000e+02   0.0000000e+00   7.2772101e-05   6.7646473e-05   1.2211699e-04   2.2486821e-04   2.1771179e-04   2.5901779e-04   2.5962788e-03   1.0484803e-02
   5.0900000e+02   0.0000000e+00   7.2629130e-05   6.7513573e-05   6.0938536e-05   2.2442642e-04   2.1728407e-04   2.0680713e-04   2.7220637e-03   1.1132115e-02
   5.1000000e+02   0.0000000e+00   7.2486720e-05   6.7381193e-05   6.0819049e-05   1.6798978e-04   2.1685802e-04   2.0640162e-04   2.6526855e-03   1.1775268e-02
   5.1100000e+02   0.0000000e+00   7.2344867e-05   6.7249332e-05   6.0700029e-05   1.6766103e-04   1.6232523e-04   2.0599771e-04   2.7029995e-03   1.2414482e-02
   5.1200000e+02   0.0000000e+00   7.2203569e-05   6.7117985e-05   6.0581475e-05   1.6733357e-04   1.6200819e-04   1.5419653e-04   2.7761119e-03   1.3038517e-02
   5.1300000e+02   0.0000000e+00   7.2062821e-05   6.6987151e-05   6.0463382e-05   1.6700738e-04   1.6169238e-04   1.5389595e-04   2.6094469e-03   1.3662553e-02
   5.1400000e+02   0.0000000e+00   7.1922621e-05   6.6856826e-05   6.0345749e-05   1.1112164e-04   1.6137781e-04   1.5359654e-04   2.5555953e-03   1.4293820e-02
   5.1500000e+02   0.0000000e+00   7.1782965e-05   6.6727007e-05   6.0228573e-05   1.1090587e-04   1.0737630e-04   1.5329829e-04   2.6306731e-03   1.4949573e-02
   5.1600000e+02   0.0000000e+00   7.1643851e-05   6.6597691e-05   6.0111851e-05   1.1069094e-04   1.0716821e-04   1.5300120e-04   2.6560267e-03   1.5605326e-02
   5.1700000e+02   0.0000000e+00   7.1505275e-05   6.6468875e-05   5.9995580e-05   1.1047684e-04   1.0696092e-04   1.0180351e-04   2.1652690e-03   1.6222186e-02
   5.1800000e+02   0.0000000e+00   7.1367234e-05   6.6340557e-05   5.9879759e-05   1.1026356e-04   1.0675443e-04   1.0160698e-04   2.4773728e-03   1.6799998e-02
   5.1900000e+02   0.0000000e+00   7.1229725e-05   6.6212733e-05   5.9764383e-05   1.1005111e-04   1.0654874e-04   1.0141120e-04   2.4020984e-03   1.7377810e-02
   5.2000000e+02   0.0000000e+00   7.1092744e-05   6.6085401e-05   5.9649452e-05   1.0983947e-04   1.0634384e-04   1.0121618e-04   2.6235977e-03   1.7937094e-02
   5.2100000e+02   0.0000000e+00   7.0956290e-05   6.5958557e-05   5.9534962e-05   5.4814323e-05   1.0613972e-04   1.0102191e-04   2.6438413e-03   1.8479345e-02
   5.2200000e+02   0.0000000e+00   7.0820358e-05   6.5832200e-05   5.9420910e-05   5.4709315e-05   5.2968195e-05   1.0082838e-04   2.7043752e-03   1.9021596e-02
   5.2300000e+02   0.0000000e+00   7.0684947e-05   6.5706326e-05   5.9307294e-05   5.4604708e-05   5.2866917e-05   1.0063559e-04   2.5502887e-03   1.9595613e-02
   5.2400000e+02   0.0000000e+00   7.0550052e-05   6.5580932e-05   5.9194113e-05   5.4500501e-05   5.2766026e-05   5.0221769e-05   2.7440761e-03   2.0064512e-02
   5.2500000e+02   0.0000000e+00   7.0415671e-05   6.5456016e-05   5.9081362e-05   5.4396690e-05   5.2665519e-05   5.0126109e-05   2.7238326e-03   2.0440955e-02
   5.2600000e+02   0.0000000e+00   7.0281801e-05   6.5331575e-05   5.8969040e-05   5.4293274e-05   5.2565395e-05   5.0030812e-05   2.6491478e-03   2.0755542e-02
   5.2700000e+02   0.0000000e+00   7.0148438e-05   6.5207606e-05   5.8857144e-05   5.4190251e-05   5.2465650e-05   4.9935877e-05   2.3181763e-03   2.1055995e-02
   5.2800000e+02   0.0000000e+00   7.0015582e-05   6.5084107e-05   5.8745672e-05   5.4087618e-05   5.2366283e-05   4.9841301e-05   2.6548474e-03   2.1356448e-02
   5.2900000e+02   0.0000000e+00   6.9883227e-05   6.4961075e-05   5.8634622e-05   5.3985373e-05   5.2267292e-05   4.9747083e-05   2.7794531e-03   2.1553312e-02
   5.3000000e+02   0.0000000e+00   6.9751372e-05   6.4838506e-05   5.8523991e-05   5.3883514e-05   5.2168675e-05   4.9653221e-05   2.6725359e-03   2.1729856e-02
   5.3100000e+02   0.0000000e+00   6.9620013e-05   6.4716400e-05   5.8413776e-05   5.3782038e-05   5.2070429e-05   4.9559712e-05   2.8199401e-03   2.1900228e-02
   5.3200000e+02   0.0000000e+00   6.9489149e-05   6.4594753e-05   5.8303976e-05   5.3680944e-05   5.1972552e-05   4.9466554e-05   2.7700192e-03   2.2019100e-02
   5.3300000e+02   0.0000000e+00   6.9358775e-05   6.4473562e-05   5.8194587e-05   5.3580229e-05   5.1875042e-05   4.9373747e-05   2.4744247e-03   2.2025594e-02
   5.3400000e+02   0.0000000e+00   6.9228890e-05   6.4352825e-05   5.8085609e-05   5.3479892e-05   5.1777898e-05   4.9281286e-05   2.6515063e-03   2.1840741e-02
   5.3500000e+02   0.0000000e+00   6.9099490e-05   6.4232539e-05   5.7977037e-05   5.3379930e-05   5.1681117e-05   4.9189172e-05   2.6927794e-03   2.1639869e-02
   5.3600000e+02   0.0000000e+00   6.8970573e-05   6.4112702e-05   5.7868871e-05   5.3280340e-05   5.1584697e-05   4.9097401e-05   2.8089339e-03   2.1337223e-02
   5.3700000e+02   0.0000000e+00   6.8842136e-05   6.3993312e-05   5.7761108e-05   5.3181122e-05   5.1488636e-05   4.9005972e-05   2.6000131e-03   2.1034577e-02
   5.3800000e+02   0.0000000e+00   6.8714177e-05   6.3874365e-05   5.7653745e-05   5.3082272e-05   5.1392932e-05   4.8914883e-05   2.7311045e-03   2.0629283e-02
   5.3900000e+02   0.0000000e+00   6.8586692e-05   6.3755860e-05   5.7546781e-05   5.2983789e-05   5.1297584e-05   4.8824132e-05   2.6646744e-03   2.0074430e-02
   5.4000000e+02   0.0000000e+00   6.8459680e-05   6.3637793e-05   5.7440213e-05   5.2885671e-05   5.1202588e-05   4.8733717e-05   2.5738734e-03   1.9519577e-02
   5.4100000e+02   0.0000000e+00   6.8333137e-05   6.3520163e-05   5.7334039e-05   5.2787916e-05   5.1107944e-05   4.8643636e-05   2.4754074e-03   1.8909781e-02
   5.4200000e+02   0.0000000e+00   6.8207061e-05   6.3402968e-05   5.7228256e-05   5.2690521e-05   5.1013649e-05   4.8553887e-05   2.6953344e-03   1.8254441e-02
   5.4300000e+02   0.0000000e+00   6.8081450e-05   6.3286203e-05   5.7122864e-05   5.2593485e-05   5.0919701e-05   4.8464470e-05   2.6518993e-03   1.7422508e-02
   5.4400000e+02   0.0000000e+00   6.7956300e-05   6.3169868e-05   5.7017858e-05   5.2496806e-05   5.0826099e-05   4.8375380e-05   2.7458449e-03   1.6590575e-02
   5.4500000e+02   0.0000000e+00   6.7831609e-05   6.3053960e-05   5.6913239e-05   5.2400481e-05   5.0732840e-05   4.8286618e-05   2.6841317e-03   1.5684918e-02
   5.4600000e+02   0.0000000e+00   6.7707376e-05   6.2938477e-05   5.6809002e-05   5.2304510e-05   5.0639922e-05   4.8198181e-05   2.6603505e-03   1.4748708e-02
   5.4700000e+02   0.0000000e+00   6.7583596e-05   6.2823416e-05   5.6705146e-05   5.2208889e-05   5.0547345e-05   4.8110068e-05   2.6959241e-03   1.3799991e-02
   5.4800000e+02   0.0000000e+00   6.7460268e-05   6.2708775e-05   5.6601670e-05   5.2113617e-05   5.0455105e-05   4.8022276e-05   2.6200600e-03   1.2846458e-02
   5.4900000e+02   0.0000000e+00   6.7337390e-05   6.2594551e-05   5.6498570e-05   5.2018693e-05   5.0363201e-05   4.7934803e-05   2.7028029e-03   1.1914317e-02
   5.5000000e+02   0.0000000e+00   6.7214958e-05   6.2480743e-05   5.6395845e-05   5.1924113e-05   5.0271632e-05   4.7847649e-05   2.6823629e-03   1.1032373e-02
   5.5100000e+02   0.0000000e+00   6.7092971e-05   6.2367347e-05   5.6293494e-05   5.1829877e-05   5.0180395e-05   4.7760811e-05   2.6805940e-03   1.0279487e-02
   5.5200000e+02   0.0000000e+00   6.6971426e-05   6.2254363e-05   5.6191513e-05   5.1735982e-05   5.0089488e-05   4.7674288e-05   2.7364111e-03   9.5955727e-03
   5.5300000e+02   0.0000000e+00   6.6850320e-05   6.2141787e-05   5.6089901e-05   5.1642427e-05   4.9998911e-05   4.7588078e-05   2.6597609e-03   8.9776603e-03
   5.5400000e+02   0.0000000e+00   6.6729652e-05   6.2029618e-05   5.5988655e-05   5.1549210e-05   4.9908660e-05   4.7502179e-05   2.7126299e-03   8.3597479e-03
   5.5500000e+02   0.0000000e+00   6.6609418e-05   6.1917853e-05   5.5887775e-05   5.1456328e-05   4.9818734e-05   4.7416589e-05   2.7285495e-03   7.7190825e-03
   5.5600000e+02   0.0000000e+00   6.6489617e-05   6.1806490e-05   5.5787257e-05   5.1363781e-05   4.9729132e-05   4.7331308e-05   2.6829525e-03   7.0720743e-03
   5.5700000e+02   0.0000000e+00   6.6370246e-05   6.1695527e-05   5.5687101e-05   5.1271566e-05   4.9639852e-05   4.7246332e-05   2.6180947e-03   6.5047817e-03
   5.5800000e+02   0.0000000e+00   6.6251303e-05   6.1584961e-05   5.5587303e-05   5.1179682e-05   4.9550892e-05   4.7161661e-05   2.6754840e-03   6.0032398e-03
   5.5900000e+02   0.0000000e+00   6.6132785e-05   6.1474791e-05   5.5487862e-05   5.1088126e-05   4.9462250e-05   4.7077293e-05   2.5324037e-03   5.5016980e-03
   5.6000000e+02   6.7908906e-05   6.6014691e-05   6.1365015e-05   5.5388777e-05   5.0996897e-05   4.9373924e-05   4.6993227e-05   2.5781973e-03   5.0601281e-03
   5.6100000e+02   6.7787856e-05   6.5897018e-05   6.1255630e-05   5.5290045e-05   5.0905993e-05   4.9285914e-05   4.6909460e-05   2.7289426e-03   4.7442579e-03
   5.6200000e+02   6.7667237e-05   6.5779763e-05   6.1146634e-05   5.5191664e-05   5.0815413e-05   4.9198216e-05   4.6825991e-05   2.5992269e-03   4.4283877e-03
   5.6300000e+02   0.0000000e+00   6.5662926e-05   6.1038026e-05   5.5093632e-05   5.0725155e-05   4.9110831e-05   4.6742819e-05   2.6986756e-03   4.1125175e-03
   5.6400000e+02   6.7427283e-05   6.5546502e-05   6.0929802e-05   5.4995949e-05   5.0635217e-05   4.9023755e-05   4.6659941e-05   2.6465928e-03   3.7966473e-03
   5.6500000e+02   0.0000000e+00   6.5430490e-05   6.0821962e-05   5.4898611e-05   5.0545597e-05   4.8936987e-05   4.6577357e-05   2.6640848e-03   3.5512310e-03
   5.6600000e+02   0.0000000e+00   6.5314889e-05   6.0714503e-05   5.4801617e-05   5.0456294e-05   4.8850526e-05   4.6495065e-05   2.5202183e-03   3.3176667e-03
   5.6700000e+02   0.0000000e+00   6.5199695e-05   6.0607422e-05   5.4704965e-05   5.0367306e-05   4.8764370e-05   4.6413063e-05   2.6872764e-03   3.0841025e-03
   5.6800000e+02   0.0000000e+00   6.5084907e-05   6.0500719e-05   5.4608653e-05   5.0278631e-05   4.8678517e-05   4.6331350e-05   2.6638882e-03   2.8505382e-03
   5.6900000e+02   0.0000000e+00   6.4970522e-05   6.0394391e-05   5.4512680e-05   5.0190268e-05   4.8592966e-05   0.0000000e+00   2.5998165e-03   2.6270868e-03
   5.7000000e+02   6.6717522e-05   6.4856539e-05   6.0288436e-05   5.4417044e-05   5.0102215e-05   4.8507715e-05   0.0000000e+00   2.6021750e-03   2.4652448e-03
   5.7100000e+02   6.6600679e-05   6.4742955e-05   6.0182852e-05   5.4321743e-05   5.0014470e-05   4.8422763e-05   0.0000000e+00   2.5176633e-03   2.3034028e-03
   5.7200000e+02   6.6484244e-05   6.4629768e-05   6.0077637e-05   5.4226774e-05   4.9927032e-05   4.8338108e-05   0.0000000e+00   2.6599574e-03   2.1681029e-03
   5.7300000e+02   6.6368215e-05   6.4516976e-05   5.9972790e-05   5.4132138e-05   4.9839899e-05   4.8253748e-05   0.0000000e+00   2.6719463e-03   2.1681029e-03
   5.7400000e+02   6.6252591e-05   6.4404577e-05   5.9868307e-05   5.4037831e-05   4.9753070e-05   4.8169682e-05   0.0000000e+00   2.6585817e-03   2.1397313e-03
   5.7500000e+02   6.6137369e-05   6.4292569e-05   5.9764189e-05   5.3943852e-05   4.9666543e-05   4.8085909e-05   0.0000000e+00   2.5992269e-03   1.9812309e-03
   5.7600000e+02   6.6022548e-05   6.4180950e-05   5.9660431e-05   5.3850200e-05   4.9580316e-05   4.8002426e-05   0.0000000e+00   2.5781973e-03   1.8227305e-03
   5.7700000e+02   6.5908124e-05   6.4069718e-05   5.9557034e-05   5.3756872e-05   4.9494389e-05   4.7919233e-05   0.0000000e+00   2.6438413e-03   1.6642301e-03
   5.7800000e+02   6.5794096e-05   6.3958870e-05   5.9453994e-05   5.3663867e-05   4.9408758e-05   4.7836328e-05   0.0000000e+00   2.5628672e-03   1.4610701e-03
   5.7900000e+02   6.5680462e-05   6.3848406e-05   5.9351310e-05   5.3571183e-05   4.9323424e-05   4.7753709e-05   0.0000000e+00   2.6002096e-03   1.2392228e-03
   5.8000000e+02   6.5567220e-05   6.3738323e-05   5.9248980e-05   5.3478819e-05   4.9238383e-05   4.7671375e-05   0.0000000e+00   2.6444309e-03   1.0780958e-03
   5.8100000e+02   6.5454367e-05   6.3628618e-05   5.9147002e-05   5.3386773e-05   4.9153636e-05   4.7589325e-05   0.0000000e+00   2.6568128e-03   1.1285368e-03
   5.8200000e+02   6.5341903e-05   6.3519291e-05   5.9045375e-05   5.3295043e-05   4.9069179e-05   4.7507556e-05   0.0000000e+00   2.6982825e-03   1.1789778e-03
   5.8300000e+02   6.5229824e-05   6.3410338e-05   5.8944097e-05   5.3203628e-05   4.8985013e-05   4.7426068e-05   0.0000000e+00   2.7263876e-03   1.2045010e-03
   5.8400000e+02   6.5118129e-05   6.3301759e-05   5.8843165e-05   5.3112526e-05   4.8901134e-05   4.7344859e-05   0.0000000e+00   2.7210810e-03   1.2045010e-03
   5.8500000e+02   6.5006816e-05   6.3193551e-05   5.8742579e-05   5.3021735e-05   4.8817542e-05   4.7263928e-05   0.0000000e+00   2.6998548e-03   1.2042930e-03
   5.8600000e+02   6.4895883e-05   6.3085712e-05   5.8642335e-05   5.2931254e-05   4.8734236e-05   4.7183272e-05   0.0000000e+00   2.6353901e-03   1.1869562e-03
   5.8700000e+02   1.2957066e-04   6.2978240e-05   5.8542433e-05   5.2841082e-05   4.8651213e-05   4.7102892e-05   0.0000000e+00   2.6941552e-03   1.1696195e-03
   5.8800000e+02   1.2935030e-04   6.2871134e-05   5.8442871e-05   5.2751216e-05   4.8568473e-05   4.7022785e-05   0.0000000e+00   2.6342108e-03   1.1522828e-03
   5.8900000e+02   1.2913069e-04   1.2552878e-04   1.1668730e-04   5.2661655e-05   4.8486014e-05   4.6942950e-05   0.0000000e+00   2.2763135e-03   1.1317900e-03
   5.9000000e+02   1.2891182e-04   1.2531602e-04   1.1648952e-04   5.2572398e-05   4.8403834e-05   4.6863386e-05   0.0000000e+00   2.4205731e-03   1.0393083e-03
   5.9100000e+02   1.2869370e-04   1.2510398e-04   1.1629241e-04   5.2483443e-05   4.8321933e-05   4.6784091e-05   0.0000000e+00   2.5886138e-03   9.4682667e-04
   5.9200000e+02   1.2847631e-04   1.2489266e-04   1.1609597e-04   5.2394789e-05   4.8240308e-05   4.6705064e-05   0.0000000e+00   2.5353518e-03   8.5554962e-04
   5.9300000e+02   1.2825965e-04   1.2468205e-04   1.1590020e-04   5.2306433e-05   4.8158958e-05   4.6626303e-05   0.0000000e+00   2.5719080e-03   7.8160052e-04
   5.9400000e+02   1.9206559e-04   1.2447215e-04   1.1570508e-04   5.2218375e-05   4.8077883e-05   4.6547807e-05   0.0000000e+00   2.5607053e-03   7.0765142e-04
   5.9500000e+02   1.9174279e-04   1.8639442e-04   1.1551062e-04   1.0426123e-04   4.7997079e-05   4.6469576e-05   0.0000000e+00   2.5294556e-03   6.3370232e-04
   5.9600000e+02   1.9142108e-04   1.8608168e-04   1.7297521e-04   1.0408629e-04   4.7916547e-05   4.6391607e-05   0.0000000e+00   2.6061058e-03   5.7149205e-04
   5.9700000e+02   2.5480059e-04   1.8576999e-04   1.7268547e-04   1.0391194e-04   4.7836285e-05   4.6313899e-05   0.0000000e+00   2.6145570e-03   5.3186703e-04
   5.9800000e+02   2.5437450e-04   2.4727911e-04   1.7239670e-04   1.0373818e-04   4.7756291e-05   4.6236451e-05   0.0000000e+00   2.5829142e-03   4.9224200e-04
   5.9900000e+02   2.5394983e-04   2.4686629e-04   2.2947852e-04   1.0356499e-04   4.7676565e-05   4.6159261e-05   0.0000000e+00   2.5835038e-03   4.5261698e-04
   6.0000000e+02   3.1690823e-04   2.4645485e-04   2.2909606e-04   1.0339238e-04   9.5194208e-05   4.6082329e-05   0.0000000e+00   2.6096435e-03   4.0976473e-04
   6.0100000e+02   3.1638093e-04   3.0755597e-04   2.2871486e-04   1.5483052e-04   9.5035815e-05   4.6005653e-05   0.0000000e+00   2.5791800e-03   3.6642171e-04
   6.0200000e+02   3.7902645e-04   3.0704508e-04   2.8541867e-04   1.5457333e-04   9.4877948e-05   4.5929232e-05   0.0000000e+00   2.5408549e-03   3.2307868e-04
   6.0300000e+02   4.4146420e-04   3.6784306e-04   2.8494534e-04   1.5431699e-04   9.4720605e-05   4.5853064e-05   0.0000000e+00   2.5952961e-03   2.7973566e-04
   6.0400000e+02   4.4073330e-04   3.6723404e-04   3.4136830e-04   1.5406150e-04   9.4563782e-05   4.5777148e-05   0.0000000e+00   2.6412862e-03   2.3795336e-04
   6.0500000e+02   5.0286264e-04   4.2773155e-04   3.4080405e-04   2.0507580e-04   9.4407479e-05   9.1402967e-05   0.0000000e+00   2.6371589e-03   1.9634834e-04
   6.0600000e+02   5.6478694e-04   4.8802940e-04   3.9694861e-04   2.0473739e-04   1.4137754e-04   9.1252137e-05   0.0000000e+00   2.6243839e-03   1.5474331e-04
   6.0700000e+02   6.2650721e-04   4.8722540e-04   4.5290818e-04   2.5550012e-04   1.4114462e-04   9.1101804e-05   0.0000000e+00   2.6403036e-03   1.1313829e-04
   6.0800000e+02   6.8802444e-04   5.4722705e-04   4.5216327e-04   2.5507989e-04   1.4091248e-04   9.0951966e-05   0.0000000e+00   2.6320489e-03   7.1533265e-05
   6.0900000e+02   7.4933965e-04   6.0703164e-04   5.0784840e-04   3.0559325e-04   1.4068110e-04   9.0802619e-05   0.0000000e+00   2.6123950e-03   4.8873882e-05
   6.1000000e+02   8.7279643e-04   6.6664016e-04   5.6335096e-04   3.0509228e-04   1.8726729e-04   9.0653763e-05   0.0000000e+00   2.6015854e-03   2.7531575e-05
   6.1100000e+02   9.3360853e-04   7.2605356e-04   6.1867184e-04   3.5535844e-04   1.8696080e-04   1.3575809e-04   0.0000000e+00   2.5884173e-03   6.1892689e-06
   6.1200000e+02   1.0563608e-03   8.4567840e-04   6.7381193e-04   4.0546033e-04   1.8665531e-04   1.3553626e-04   0.0000000e+00   2.6277251e-03   0.0000000e+00
   6.1300000e+02   1.1166750e-03   9.0460588e-04   7.2877212e-04   4.5539875e-04   2.3293852e-04   1.3531516e-04   0.0000000e+00   2.5907758e-03   0.0000000e+00
   6.1400000e+02   1.2387292e-03   1.0235503e-03   8.3952138e-04   5.0517451e-04   2.3255914e-04   1.3509478e-04   0.0000000e+00   2.5123567e-03   0.0000000e+00
   6.1500000e+02   1.4222223e-03   1.1421078e-03   8.9403339e-04   5.0435309e-04   2.7861719e-04   1.7983348e-04   0.0000000e+00   2.6049266e-03   0.0000000e+00
   6.1600000e+02   1.5433842e-03   1.2002671e-03   1.0041548e-03   6.0424120e-04   2.7816489e-04   1.7954154e-04   0.0000000e+00   2.5365310e-03   0.0000000e+00
   6.1700000e+02   1.6641534e-03   1.3780701e-03   1.1139192e-03   6.5353370e-04   3.2399973e-04   1.7925055e-04   0.0000000e+00   2.5046917e-03   0.0000000e+00
   6.1800000e+02   1.8460674e-03   1.4954784e-03   1.2233285e-03   7.0266668e-04   3.2347546e-04   2.2370063e-04   0.0000000e+00   2.5998165e-03   0.0000000e+00
   6.1900000e+02   2.0273935e-03   1.6722300e-03   1.3323842e-03   7.5164091e-04   3.6908901e-04   2.2333924e-04   0.0000000e+00   2.6123950e-03   0.0000000e+00
   6.2000000e+02   2.2694718e-03   1.7887852e-03   1.4965146e-03   8.5048573e-04   4.1455542e-04   2.6757482e-04   0.0000000e+00   2.6137708e-03   0.0000000e+00
   6.2100000e+02   2.4495322e-03   2.0240253e-03   1.6047791e-03   9.4901221e-04   4.5987540e-04   2.6714394e-04   0.0000000e+00   2.6255631e-03   0.0000000e+00
   6.2200000e+02   2.6901535e-03   2.1990746e-03   1.7679438e-03   1.0472219e-03   5.0504965e-04   3.1116685e-04   0.0000000e+00   2.5318141e-03   0.0000000e+00
   6.2300000e+02   2.9910440e-03   2.3735619e-03   1.9305847e-03   1.1451163e-03   5.5007889e-04   3.5504844e-04   0.0000000e+00   2.5143221e-03   0.0000000e+00
   6.2400000e+02   3.2300262e-03   2.6067340e-03   2.1477755e-03   1.2426969e-03   5.9496380e-04   3.5447946e-04   0.0000000e+00   2.5060675e-03   0.0000000e+00
   6.2500000e+02   3.5290900e-03   2.8983090e-03   2.3092882e-03   1.3399653e-03   6.3970508e-04   3.9815133e-04   0.0000000e+00   2.4895582e-03   0.0000000e+00
   6.2600000e+02   3.8879476e-03   3.1298978e-03   2.5251802e-03   1.4864720e-03   6.8430341e-04   4.4168367e-04   0.0000000e+00   2.4871998e-03   0.0000000e+00
   6.2700000e+02   4.2456605e-03   3.4197084e-03   2.7951911e-03   1.5830413e-03   7.7430695e-04   4.8507715e-04   0.0000000e+00   2.5593295e-03   0.0000000e+00
   6.2800000e+02   4.6022341e-03   3.7674626e-03   3.0096218e-03   1.7286943e-03   8.1854892e-04   5.2833244e-04   0.0000000e+00   2.4229315e-03   0.0000000e+00
   6.2900000e+02   5.0181335e-03   4.1141111e-03   3.2780040e-03   1.8738842e-03   9.0805286e-04   5.7145019e-04   0.0000000e+00   2.5074433e-03   0.0000000e+00
   6.3000000e+02   5.4327125e-03   4.4596591e-03   3.5455342e-03   2.0186132e-03   9.9727265e-04   6.1443106e-04   0.0000000e+00   2.4742282e-03   0.0000000e+00
   6.3100000e+02   5.9062453e-03   4.8626986e-03   3.8666767e-03   2.2120399e-03   1.0409509e-03   6.5727570e-04   0.0000000e+00   2.5155014e-03   0.0000000e+00
   6.3200000e+02   6.3782795e-03   5.2644627e-03   4.1868029e-03   2.4048545e-03   1.1296781e-03   6.9998475e-04   0.0000000e+00   2.4227350e-03   0.0000000e+00
   6.3300000e+02   6.9088998e-03   5.7233590e-03   4.5602059e-03   2.5970599e-03   1.2632407e-03   7.8623879e-04   0.0000000e+00   2.5766250e-03   0.0000000e+00
   6.3400000e+02   7.4978288e-03   6.2391172e-03   4.9324309e-03   2.8375828e-03   1.3513373e-03   8.2860971e-04   0.0000000e+00   2.5367276e-03   0.0000000e+00
   6.3500000e+02   8.0849028e-03   6.7532509e-03   5.3576007e-03   3.0285013e-03   1.4841302e-03   9.1438953e-04   0.0000000e+00   2.5677807e-03   0.0000000e+00
   6.3600000e+02   8.7897188e-03   7.3238940e-03   5.8354656e-03   3.3163595e-03   1.5716025e-03   9.5642570e-04   0.0000000e+00   2.5094086e-03   0.0000000e+00
   6.3700000e+02   9.4923218e-03   7.9507804e-03   6.3118301e-03   3.6033138e-03   1.7484650e-03   1.0417355e-03   0.0000000e+00   2.5950996e-03   0.0000000e+00
   6.3800000e+02   1.0311935e-02   8.6336455e-03   6.8405641e-03   3.8893687e-03   1.8800110e-03   1.1267780e-03   0.0000000e+00   2.6123950e-03   0.0000000e+00
   6.3900000e+02   1.1128984e-02   9.3722266e-03   7.3676431e-03   4.2230692e-03   2.0558373e-03   1.2548240e-03   0.0000000e+00   2.6017819e-03   0.0000000e+00
   6.4000000e+02   1.2062319e-02   1.0166262e-02   8.0004638e-03   4.6041921e-03   2.2311142e-03   1.3392677e-03   0.0000000e+00   2.5475372e-03   0.0000000e+00
   6.4100000e+02   1.3111398e-02   1.1073166e-02   8.6849207e-03   5.0325154e-03   2.4058442e-03   1.4665827e-03   0.0000000e+00   2.5491095e-03   0.0000000e+00
   6.4200000e+02   1.4216444e-02   1.2034828e-02   9.3672453e-03   5.4595044e-03   2.6245132e-03   1.5935011e-03   0.0000000e+00   2.5540230e-03   0.0000000e+00
   6.4300000e+02   1.5377196e-02   1.3050992e-02   1.0154335e-02   5.9334043e-03   2.8425020e-03   1.7200247e-03   0.0000000e+00   2.5805557e-03   0.0000000e+00
   6.4400000e+02   1.6711496e-02   1.4178808e-02   1.0992342e-02   6.4539966e-03   3.0598138e-03   1.8890893e-03   0.0000000e+00   2.5695496e-03   0.0000000e+00
   6.4500000e+02   1.8100619e-02   1.5360442e-02   1.1934306e-02   7.0210642e-03   3.3207282e-03   2.0576296e-03   0.0000000e+00   2.5884173e-03   0.0000000e+00
   6.4600000e+02   1.9603178e-02   1.6652870e-02   1.2873354e-02   7.6343912e-03   3.6250426e-03   2.2256481e-03   0.0000000e+00   2.5151083e-03   0.0000000e+00
   6.4700000e+02   2.1218647e-02   1.8055579e-02   1.3915726e-02   8.2937631e-03   3.8842768e-03   2.4358820e-03   0.0000000e+00   2.5046917e-03   0.0000000e+00
   6.4800000e+02   2.2946503e-02   1.9511009e-02   1.5007913e-02   8.9989667e-03   4.2308537e-03   2.6027982e-03   0.0000000e+00   2.4813036e-03   0.0000000e+00
   6.4900000e+02   2.4727631e-02   2.1075877e-02   1.6149683e-02   9.7019971e-03   4.5323590e-03   2.8118031e-03   0.0000000e+00   2.4044569e-03   0.0000000e+00
   6.5000000e+02   2.6503279e-02   2.2692804e-02   1.7340809e-02   1.0450584e-02   4.8768725e-03   3.0627025e-03   0.0000000e+00   2.4172319e-03   0.0000000e+00
   6.5100000e+02   2.8331888e-02   2.4304764e-02   1.8528276e-02   1.1196871e-02   5.2203275e-03   3.2703589e-03   0.0000000e+00   2.5689599e-03   0.0000000e+00
   6.5200000e+02   3.0213214e-02   2.6025178e-02   1.9764805e-02   1.1940869e-02   5.5627290e-03   3.4773782e-03   0.0000000e+00   2.4681355e-03   0.0000000e+00
   6.5300000e+02   3.2030541e-02   2.7740324e-02   2.1050174e-02   1.2730088e-02   5.9040818e-03   3.7261057e-03   0.0000000e+00   2.5451787e-03   0.0000000e+00
   6.5400000e+02   3.3842310e-02   2.9450224e-02   2.2279066e-02   1.3469466e-02   6.2880578e-03   3.9317951e-03   0.0000000e+00   2.5170737e-03   0.0000000e+00
   6.5500000e+02   3.5532428e-02   3.1098463e-02   2.3504206e-02   1.4206587e-02   6.5836605e-03   4.1368564e-03   0.0000000e+00   2.4017053e-03   0.0000000e+00
   6.5600000e+02   3.7043480e-02   3.2685323e-02   2.4673226e-02   1.4846894e-02   6.9218959e-03   4.2991441e-03   0.0000000e+00   2.1082728e-03   0.0000000e+00
   6.5700000e+02   3.8202636e-02   3.3929743e-02   2.5629467e-02   1.5343619e-02   7.1721663e-03   4.4188535e-03   0.0000000e+00   2.2047734e-03   0.0000000e+00
   6.5800000e+02   3.8780320e-02   3.4833284e-02   2.6373900e-02   1.5697415e-02   7.3348728e-03   4.4961786e-03   0.0000000e+00   2.4645978e-03   0.0000000e+00
   6.5900000e+02   3.8721473e-02   3.5173108e-02   2.6698903e-02   1.5814799e-02   7.4104140e-03   4.4893559e-03   0.0000000e+00   2.4736386e-03   0.0000000e+00
   6.6000000e+02   3.7913748e-02   3.4839753e-02   2.6554316e-02   1.5649847e-02   7.3559160e-03   4.4406608e-03   0.0000000e+00   2.4897548e-03   0.0000000e+00
   6.6100000e+02   3.6303012e-02   3.3836274e-02   2.5942269e-02   1.5250768e-02   7.1719690e-03   4.2666241e-03   0.0000000e+00   2.4799278e-03   0.0000000e+00
   6.6200000e+02   3.3892904e-02   3.2109865e-02   2.4761062e-02   1.4524912e-02   6.8160203e-03   4.0931132e-03   0.0000000e+00   2.4602739e-03   0.0000000e+00
   6.6300000e+02   3.0973836e-02   2.9775314e-02   2.3116932e-02   1.3567326e-02   6.3319224e-03   3.7950154e-03   0.0000000e+00   2.4644012e-03   0.0000000e+00
   6.6400000e+02   2.7662652e-02   2.7002395e-02   2.1115480e-02   1.2425771e-02   5.7632638e-03   3.4978154e-03   0.0000000e+00   2.4856274e-03   0.0000000e+00
   6.6500000e+02   2.4247054e-02   2.3959858e-02   1.8861668e-02   1.1147720e-02   5.1533706e-03   3.1183531e-03   0.0000000e+00   2.5296522e-03   0.0000000e+00
   6.6600000e+02   2.0898813e-02   2.0870951e-02   1.6563026e-02   9.8269337e-03   4.5024287e-03   2.7815460e-03   0.0000000e+00   2.5274902e-03   0.0000000e+00
   6.6700000e+02   1.7731657e-02   1.7902155e-02   1.4322797e-02   8.5566110e-03   3.8962547e-03   2.4042954e-03   0.0000000e+00   2.5092121e-03   0.0000000e+00
   6.6800000e+02   1.4915561e-02   1.5163614e-02   1.2192163e-02   7.2900917e-03   3.2918955e-03   2.0695657e-03   0.0000000e+00   2.5176633e-03   0.0000000e+00
   6.6900000e+02   1.2448951e-02   1.2764814e-02   1.0273366e-02   6.1664516e-03   2.7747191e-03   1.7358366e-03   0.0000000e+00   2.5612949e-03   0.0000000e+00
   6.7000000e+02   1.0330262e-02   1.0649056e-02   8.6167472e-03   5.1850509e-03   2.3443350e-03   1.4856393e-03   0.0000000e+00   2.5261145e-03   0.0000000e+00
   6.7100000e+02   8.5579391e-03   8.8701707e-03   7.1699213e-03   4.3452537e-03   1.9577944e-03   1.2361877e-03   0.0000000e+00   2.5213975e-03   0.0000000e+00
   6.7200000e+02   7.1304351e-03   7.3716405e-03   5.9830890e-03   3.6002705e-03   1.6149017e-03   1.0286234e-03   0.0000000e+00   2.4864136e-03   0.0000000e+00
   6.7300000e+02   5.9332001e-03   6.1522161e-03   5.0040298e-03   3.0418562e-03   1.3578966e-03   8.6275981e-04   0.0000000e+00   2.5078363e-03   0.0000000e+00
   6.7400000e+02   4.9652090e-03   5.1558062e-03   4.1808331e-03   2.5311192e-03   1.1440253e-03   7.3841121e-04   0.0000000e+00   2.5042986e-03   0.0000000e+00
   6.7500000e+02   4.1691038e-03   4.3266518e-03   3.5128062e-03   2.1137998e-03   9.7309635e-04   6.1443106e-04   0.0000000e+00   2.4840551e-03   0.0000000e+00
   6.7600000e+02   3.4878657e-03   3.6093239e-03   2.9484256e-03   1.7894836e-03   8.0267305e-04   4.9081771e-04   0.0000000e+00   2.5129463e-03   0.0000000e+00
   6.7700000e+02   2.9771585e-03   3.0579331e-03   2.4872319e-03   1.5119418e-03   6.7493678e-04   4.4925166e-04   0.0000000e+00   2.4899513e-03   0.0000000e+00
   6.7800000e+02   2.5240478e-03   2.5626942e-03   2.0780837e-03   1.2809676e-03   5.8969863e-04   3.6702740e-04   0.0000000e+00   2.5033159e-03   0.0000000e+00
   6.7900000e+02   2.1282791e-03   2.1778042e-03   1.7713613e-03   1.0963552e-03   5.0471156e-04   3.2576610e-04   0.0000000e+00   2.4820897e-03   0.0000000e+00
   6.8000000e+02   1.8455244e-03   1.8484114e-03   1.5160768e-03   9.1228574e-04   4.1997445e-04   2.8462615e-04   0.0000000e+00   2.4862171e-03   0.0000000e+00
   6.8100000e+02   1.6194429e-03   1.6285563e-03   1.3120038e-03   8.1985150e-04   3.7742197e-04   2.4360703e-04   0.0000000e+00   2.4765867e-03   0.0000000e+00
   6.8200000e+02   1.3940245e-03   1.3551403e-03   1.1085293e-03   6.8220781e-04   2.9311999e-04   2.0270819e-04   0.0000000e+00   2.4885755e-03   0.0000000e+00
   6.8300000e+02   1.2249454e-03   1.1907774e-03   9.5596451e-04   5.9038111e-04   2.5087785e-04   1.6192912e-04   0.0000000e+00   2.4618462e-03   0.0000000e+00
   6.8400000e+02   1.0563608e-03   1.0268952e-03   8.5408617e-04   4.9882290e-04   2.5051107e-04   1.6169238e-04   0.0000000e+00   2.4459266e-03   0.0000000e+00
   6.8500000e+02   9.4378509e-04   9.1745965e-04   7.5250529e-04   4.5281336e-04   2.0845447e-04   1.2109225e-04   0.0000000e+00   2.4476954e-03   0.0000000e+00
   6.8600000e+02   8.3153763e-04   8.0834316e-04   6.5122057e-04   4.0693795e-04   1.6652048e-04   1.2091573e-04   0.0000000e+00   2.3926645e-03   0.0000000e+00
   6.8700000e+02   7.7497209e-04   7.5335543e-04   6.0025168e-04   3.6119610e-04   1.6627809e-04   1.2073973e-04   0.0000000e+00   1.7351437e-03   0.0000000e+00
   6.8800000e+02   6.6329629e-04   6.4479466e-04   5.4943095e-04   3.1558722e-04   1.6603641e-04   1.2056423e-04   0.0000000e+00   2.0037141e-03   0.0000000e+00
   6.8900000e+02   6.0713913e-04   5.9020392e-04   4.9875774e-04   2.7011073e-04   1.2434657e-04   8.0259500e-05   0.0000000e+00   2.0164891e-03   0.0000000e+00
   6.9000000e+02   5.5114475e-04   5.3577141e-04   4.4823141e-04   2.6971926e-04   1.2416636e-04   8.0143182e-05   0.0000000e+00   2.1120070e-03   0.0000000e+00
   6.9100000e+02   4.9531243e-04   4.8149645e-04   3.9785133e-04   2.2444077e-04   1.2398667e-04   8.0027200e-05   0.0000000e+00   2.2014322e-03   0.0000000e+00
   6.9200000e+02   4.9459666e-04   4.8080064e-04   3.4761685e-04   2.2411644e-04   1.2380750e-04   7.9911554e-05   0.0000000e+00   2.2633419e-03   0.0000000e+00
   6.9300000e+02   4.3900707e-04   4.2676164e-04   3.4711524e-04   1.7903443e-04   8.2419227e-05   7.9796241e-05   0.0000000e+00   2.2495842e-03   0.0000000e+00
   6.9400000e+02   3.8357768e-04   3.7287837e-04   2.9709863e-04   1.7877646e-04   8.2300468e-05   3.9840631e-05   0.0000000e+00   2.2244272e-03   0.0000000e+00
   6.9500000e+02   3.2830781e-04   3.1915016e-04   2.9667115e-04   1.7851922e-04   8.2182050e-05   3.9783306e-05   0.0000000e+00   2.2676658e-03   0.0000000e+00
   6.9600000e+02   3.2783610e-04   3.1869161e-04   2.4687075e-04   1.3369705e-04   8.2063972e-05   3.9726146e-05   0.0000000e+00   2.2627523e-03   0.0000000e+00
   6.9700000e+02   2.7280479e-04   2.6519532e-04   1.9721325e-04   1.3350523e-04   8.1946233e-05   3.9669150e-05   0.0000000e+00   2.3881441e-03   0.0000000e+00
   6.9800000e+02   2.1793116e-04   2.6481538e-04   1.9693071e-04   1.3331396e-04   8.1828832e-05   3.9612318e-05   0.0000000e+00   2.3508018e-03   0.0000000e+00
   6.9900000e+02   2.1761938e-04   2.1154923e-04   1.9664898e-04   8.8748827e-05   4.0855883e-05   3.9555648e-05   0.0000000e+00   2.3036324e-03   0.0000000e+00
   7.0000000e+02   1.6298137e-04   2.1124701e-04   1.4727604e-04   8.8622043e-05   4.0797518e-05   3.9499139e-05   0.0000000e+00   2.2869266e-03   0.0000000e+00
   7.0100000e+02   1.6274888e-04   1.5820925e-04   1.4706594e-04   8.8495621e-05   4.0739319e-05   3.9442793e-05   0.0000000e+00   2.2580354e-03   0.0000000e+00
   7.0200000e+02   1.0834469e-04   1.5798388e-04   9.7904298e-05   8.8369558e-05   4.0681285e-05   3.9386606e-05   0.0000000e+00   2.2601973e-03   0.0000000e+00
   7.0300000e+02   1.0819058e-04   1.0517277e-04   9.7765031e-05   4.4121927e-05   4.0623417e-05   3.9330580e-05   0.0000000e+00   2.2733654e-03   0.0000000e+00
   7.0400000e+02   1.0803690e-04   1.0502337e-04   9.7626160e-05   4.4059254e-05   4.0565713e-05   3.9274713e-05   0.0000000e+00   2.3317375e-03   0.0000000e+00
   7.0500000e+02   1.0788365e-04   1.0487440e-04   9.7487684e-05   4.3996759e-05   4.0508173e-05   3.9219004e-05   0.0000000e+00   2.3563048e-03   0.0000000e+00
   7.0600000e+02   1.0773084e-04   1.0472586e-04   4.8674799e-05   4.3934441e-05   4.0450796e-05   3.9163453e-05   0.0000000e+00   2.3437264e-03   0.0000000e+00
   7.0700000e+02   5.3789233e-05   5.2288864e-05   4.8605953e-05   4.3872298e-05   4.0393582e-05   0.0000000e+00   0.0000000e+00   2.3338994e-03   0.0000000e+00
   7.0800000e+02   5.3713259e-05   5.2215010e-05   4.8537300e-05   4.3810332e-05   4.0336529e-05   0.0000000e+00   0.0000000e+00   2.3268240e-03   0.0000000e+00
   7.0900000e+02   5.3637500e-05   5.2141364e-05   4.8468841e-05   4.3748540e-05   0.0000000e+00   0.0000000e+00   0.0000000e+00   2.3348821e-03   0.0000000e+00
   7.1000000e+02   5.3561954e-05   5.2067925e-05   4.8400575e-05   4.3686923e-05   0.0000000e+00   0.0000000e+00   0.0000000e+00   2.3494260e-03   0.0000000e+00
   7.1100000e+02   5.3486621e-05   5.1994694e-05   4.8332501e-05   4.3625478e-05   0.0000000e+00   0.0000000e+00   0.0000000e+00   2.3454952e-03   0.0000000e+00
   7.1200000e+02   5.3411499e-05   5.1921667e-05   4.8264619e-05   4.3564206e-05   0.0000000e+00   0.0000000e+00   0.0000000e+00   2.3301652e-03   0.0000000e+00
   7.1300000e+02   5.3336588e-05   5.1848846e-05   4.8196926e-05   4.3503107e-05   0.0000000e+00   0.0000000e+00   0.0000000e+00   2.3032393e-03   0.0000000e+00
   7.1400000e+02   5.3261887e-05   5.1776228e-05   4.8129424e-05   0.0000000e+00   0.0000000e+00   0.0000000e+00   0.0000000e+00   2.3236794e-03   0.0000000e+00
   7.1500000e+02   5.3187395e-05   5.1703814e-05   4.8062110e-05   0.0000000e+00   0.0000000e+00   0.0000000e+00   0.0000000e+00   2.2460465e-03   0.0000000e+00
   7.1600000e+02   0.0000000e+00   5.1631602e-05   4.7994984e-05   0.0000000e+00   0.0000000e+00   0.0000000e+00   0.0000000e+00   2.2696312e-03   0.0000000e+00
   7.1700000e+02   0.0000000e+00   0.0000000e+00   4.7928045e-05   0.0000000e+00   0.0000000e+00   0.0000000e+00   0.0000000e+00   1.9813086e-03   0.0000000e+00
   7.1800000e+02   0.0000000e+00   0.0000000e+00   0.0000000e+00   0.0000000e+00   0.0000000e+00   0.0000000e+00   0.0000000e+00   1.8449696e-03   0.0000000e+00
   7.1900000e+02   0.0000000e+00   0.0000000e+00   0.0000000e+00   0.0000000e+00   0.0000000e+00   0.0000000e+00   0.0000000e+00   1.6563119e-03   0.0000000e+00
   7.2000000e+02   0.0000000e+00   0.0000000e+00   0.0000000e+00   0.0000000e+00   0.0000000e+00   0.0000000e+00   0.0000000e+00   1.7676708e-03   0.0000000e+00
   7.2100000e+02   0.0000000e+00   0.0000000e+00   0.0000000e+00   0.0000000e+00   0.0000000e+00   0.0000000e+00   0.0000000e+00   1.9450865e-03   0.0000000e+00
   7.2200000e+02   0.0000000e+00   0.0000000e+00   0.0000000e+00   0.0000000e+00   0.0000000e+00   0.0000000e+00   0.0000000e+00   2.2171553e-03   0.0000000e+00
   7.2300000e+02   0.0000000e+00   0.0000000e+00   0.0000000e+00   0.0000000e+00   0.0000000e+00   0.0000000e+00   0.0000000e+00   2.0485249e-03   0.0000000e+00
   7.2400000e+02   0.0000000e+00   0.0000000e+00   4.7464653e-05   0.0000000e+00   0.0000000e+00   0.0000000e+00   0.0000000e+00   1.8927679e-03   0.0000000e+00
   7.2500000e+02   0.0000000e+00   0.0000000e+00   0.0000000e+00   0.0000000e+00   0.0000000e+00   0.0000000e+00   0.0000000e+00   1.8620292e-03   0.0000000e+00
   7.2600000e+02   0.0000000e+00   0.0000000e+00   4.7333896e-05   0.0000000e+00   0.0000000e+00   0.0000000e+00   0.0000000e+00   1.9386204e-03   0.0000000e+00
   7.2700000e+02   0.0000000e+00   0.0000000e+00   0.0000000e+00   0.0000000e+00   0.0000000e+00   0.0000000e+00   0.0000000e+00   1.9454992e-03   0.0000000e+00
   7.2800000e+02   0.0000000e+00   0.0000000e+00   0.0000000e+00   0.0000000e+00   0.0000000e+00   0.0000000e+00   0.0000000e+00   1.8664906e-03   0.0000000e+00
   7.2900000e+02   0.0000000e+00   0.0000000e+00   0.0000000e+00   0.0000000e+00   0.0000000e+00   0.0000000e+00   0.0000000e+00   1.8770054e-03   0.0000000e+00
   7.3000000e+02   0.0000000e+00   0.0000000e+00   0.0000000e+00   0.0000000e+00   0.0000000e+00   0.0000000e+00   0.0000000e+00   2.0231714e-03   0.0000000e+00
   7.3100000e+02   0.0000000e+00   0.0000000e+00   0.0000000e+00   0.0000000e+00   0.0000000e+00   0.0000000e+00   0.0000000e+00   1.9202243e-03   0.0000000e+00
   7.3200000e+02   0.0000000e+00   0.0000000e+00   0.0000000e+00   0.0000000e+00   0.0000000e+00   0.0000000e+00   0.0000000e+00   2.0675892e-03   0.0000000e+00
   7.3300000e+02   0.0000000e+00   0.0000000e+00   0.0000000e+00   0.0000000e+00   0.0000000e+00   0.0000000e+00   0.0000000e+00   2.1424705e-03   0.0000000e+00
   7.3400000e+02   0.0000000e+00   0.0000000e+00   0.0000000e+00   0.0000000e+00   0.0000000e+00   0.0000000e+00   0.0000000e+00   2.2132245e-03   0.0000000e+00
   7.3500000e+02   0.0000000e+00   0.0000000e+00   0.0000000e+00   0.0000000e+00   0.0000000e+00   0.0000000e+00   0.0000000e+00   2.1817783e-03   0.0000000e+00
   7.3600000e+02   0.0000000e+00   0.0000000e+00   0.0000000e+00   0.0000000e+00   0.0000000e+00   0.0000000e+00   0.0000000e+00   2.1607486e-03   0.0000000e+00
   7.3700000e+02   0.0000000e+00   0.0000000e+00   0.0000000e+00   0.0000000e+00   0.0000000e+00   0.0000000e+00   0.0000000e+00   2.1576040e-03   0.0000000e+00
   7.3800000e+02   0.0000000e+00   0.0000000e+00   0.0000000e+00   0.0000000e+00   0.0000000e+00   0.0000000e+00   0.0000000e+00   2.1980910e-03   0.0000000e+00
   7.3900000e+02   0.0000000e+00   0.0000000e+00   0.0000000e+00   0.0000000e+00   0.0000000e+00   0.0000000e+00   0.0000000e+00   2.1334297e-03   0.0000000e+00
   7.4000000e+02   0.0000000e+00   0.0000000e+00   0.0000000e+00   0.0000000e+00   0.0000000e+00   0.0000000e+00   0.0000000e+00   2.1853160e-03   0.0000000e+00
   7.4100000e+02   0.0000000e+00   0.0000000e+00   0.0000000e+00   0.0000000e+00   0.0000000e+00   0.0000000e+00   0.0000000e+00   2.1772579e-03   0.0000000e+00
   7.4200000e+02   0.0000000e+00   0.0000000e+00   0.0000000e+00   0.0000000e+00   0.0000000e+00   0.0000000e+00   0.0000000e+00   2.1784371e-03   0.0000000e+00
   7.4300000e+02   0.0000000e+00   0.0000000e+00   0.0000000e+00   0.0000000e+00   0.0000000e+00   0.0000000e+00   0.0000000e+00   2.2240342e-03   0.0000000e+00
   7.4400000e+02   0.0000000e+00   0.0000000e+00   0.0000000e+00   0.0000000e+00   0.0000000e+00   0.0000000e+00   0.0000000e+00   2.2421157e-03   0.0000000e+00
   7.4500000e+02   0.0000000e+00   0.0000000e+00   0.0000000e+00   0.0000000e+00   0.0000000e+00   0.0000000e+00   0.0000000e+00   2.2413296e-03   0.0000000e+00
   7.4600000e+02   0.0000000e+00   0.0000000e+00   0.0000000e+00   0.0000000e+00   0.0000000e+00   0.0000000e+00   0.0000000e+00   2.2368092e-03   0.0000000e+00
   7.4700000e+02   0.0000000e+00   0.0000000e+00   0.0000000e+00   0.0000000e+00   0.0000000e+00   0.0000000e+00   0.0000000e+00   2.2383815e-03   0.0000000e+00
   7.4800000e+02   0.0000000e+00   0.0000000e+00   0.0000000e+00   0.0000000e+00   0.0000000e+00   0.0000000e+00   0.0000000e+00   2.2254099e-03   0.0000000e+00
   7.4900000e+02   0.0000000e+00   0.0000000e+00   0.0000000e+00   0.0000000e+00   0.0000000e+00   0.0000000e+00   0.0000000e+00   2.2181380e-03   0.0000000e+00
   7.5000000e+02   0.0000000e+00   0.0000000e+00   0.0000000e+00   0.0000000e+00   0.0000000e+00   0.0000000e+00   0.0000000e+00   2.2155830e-03   0.0000000e+00
   7.5100000e+02   0.0000000e+00   0.0000000e+00   0.0000000e+00   0.0000000e+00   0.0000000e+00   0.0000000e+00   0.0000000e+00   2.2059526e-03   0.0000000e+00
   7.5200000e+02   0.0000000e+00   0.0000000e+00   0.0000000e+00   0.0000000e+00   0.0000000e+00   0.0000000e+00   0.0000000e+00   2.2140107e-03   0.0000000e+00
   7.5300000e+02   0.0000000e+00   0.0000000e+00   0.0000000e+00   0.0000000e+00   0.0000000e+00   0.0000000e+00   0.0000000e+00   2.2032010e-03   0.0000000e+00
   7.5400000e+02   0.0000000e+00   0.0000000e+00   0.0000000e+00   0.0000000e+00   0.0000000e+00   0.0000000e+00   0.0000000e+00   2.2313061e-03   0.0000000e+00
   7.5500000e+02   0.0000000e+00   0.0000000e+00   0.0000000e+00   0.0000000e+00   0.0000000e+00   0.0000000e+00   0.0000000e+00   2.2250169e-03   0.0000000e+00
   7.5600000e+02   0.0000000e+00   0.0000000e+00   0.0000000e+00   0.0000000e+00   0.0000000e+00   0.0000000e+00   0.0000000e+00   2.1982876e-03   0.0000000e+00
   7.5700000e+02   0.0000000e+00   0.0000000e+00   0.0000000e+00   0.0000000e+00   0.0000000e+00   0.0000000e+00   0.0000000e+00   2.1965187e-03   0.0000000e+00
   7.5800000e+02   0.0000000e+00   0.0000000e+00   0.0000000e+00   0.0000000e+00   0.0000000e+00   0.0000000e+00   0.0000000e+00   2.2102764e-03   0.0000000e+00
   7.5900000e+02   0.0000000e+00   0.0000000e+00   0.0000000e+00   0.0000000e+00   0.0000000e+00   0.0000000e+00   0.0000000e+00   2.1485632e-03   0.0000000e+00
   7.6000000e+02   0.0000000e+00   0.0000000e+00   0.0000000e+00   0.0000000e+00   0.0000000e+00   0.0000000e+00   0.0000000e+00   4.8576554e-04   0.0000000e+00
   7.6100000e+02   0.0000000e+00   0.0000000e+00   0.0000000e+00   0.0000000e+00   0.0000000e+00   0.0000000e+00   0.0000000e+00   2.8160093e-04   0.0000000e+00
   7.6200000e+02   0.0000000e+00   0.0000000e+00   0.0000000e+00   0.0000000e+00   0.0000000e+00   0.0000000e+00   0.0000000e+00   1.2478451e-03   0.0000000e+00
   7.6300000e+02   0.0000000e+00   0.0000000e+00   0.0000000e+00   0.0000000e+00   0.0000000e+00   0.0000000e+00   0.0000000e+00   6.9215104e-04   0.0000000e+00
   7.6400000e+02   0.0000000e+00   0.0000000e+00   0.0000000e+00   0.0000000e+00   0.0000000e+00   0.0000000e+00   0.0000000e+00   9.8043429e-04   0.0000000e+00
   7.6500000e+02   0.0000000e+00   0.0000000e+00   0.0000000e+00   0.0000000e+00   0.0000000e+00   0.0000000e+00   0.0000000e+00   1.2456046e-03   0.0000000e+00
   7.6600000e+02   0.0000000e+00   0.0000000e+00   0.0000000e+00   0.0000000e+00   0.0000000e+00   0.0000000e+00   0.0000000e+00   1.4756140e-03   0.0000000e+00
   7.6700000e+02   0.0000000e+00   0.0000000e+00   0.0000000e+00   0.0000000e+00   0.0000000e+00   0.0000000e+00   0.0000000e+00   1.7604775e-03   0.0000000e+00
   7.6800000e+02   0.0000000e+00   0.0000000e+00   0.0000000e+00   0.0000000e+00   0.0000000e+00   0.0000000e+00   0.0000000e+00   2.0090206e-03   0.0000000e+00
   7.6900000e+02   0.0000000e+00   0.0000000e+00   0.0000000e+00   0.0000000e+00   0.0000000e+00   0.0000000e+00   0.0000000e+00   2.0335880e-03   0.0000000e+00
   7.7000000e+02   0.0000000e+00   0.0000000e+00   0.0000000e+00   0.0000000e+00   0.0000000e+00   0.0000000e+00   0.0000000e+00   2.0923531e-03   0.0000000e+00
   7.7100000e+02   0.0000000e+00   0.0000000e+00   0.0000000e+00   0.0000000e+00   0.0000000e+00   0.0000000e+00   0.0000000e+00   2.1061108e-03   0.0000000e+00
   7.7200000e+02   0.0000000e+00   0.0000000e+00   0.0000000e+00   0.0000000e+00   0.0000000e+00   0.0000000e+00   0.0000000e+00   2.1230132e-03   0.0000000e+00
   7.7300000e+02   0.0000000e+00   0.0000000e+00   0.0000000e+00   0.0000000e+00   0.0000000e+00   0.0000000e+00   0.0000000e+00   2.1220305e-03   0.0000000e+00
   7.7400000e+02   0.0000000e+00   0.0000000e+00   0.0000000e+00   0.0000000e+00   0.0000000e+00   0.0000000e+00   0.0000000e+00   2.1226201e-03   0.0000000e+00
   7.7500000e+02   0.0000000e+00   0.0000000e+00   0.0000000e+00   0.0000000e+00   0.0000000e+00   0.0000000e+00   0.0000000e+00   2.1228166e-03   0.0000000e+00
   7.7600000e+02   0.0000000e+00   0.0000000e+00   0.0000000e+00   0.0000000e+00   0.0000000e+00   0.0000000e+00   0.0000000e+00   2.1279266e-03   0.0000000e+00
   7.7700000e+02   0.0000000e+00   0.0000000e+00   0.0000000e+00   0.0000000e+00   0.0000000e+00   0.0000000e+00   0.0000000e+00   2.1155447e-03   0.0000000e+00
   7.7800000e+02   0.0000000e+00   0.0000000e+00   0.0000000e+00   0.0000000e+00   0.0000000e+00   0.0000000e+00   0.0000000e+00   2.1135793e-03   0.0000000e+00
   7.7900000e+02   0.0000000e+00   0.0000000e+00   0.0000000e+00   0.0000000e+00   0.0000000e+00   0.0000000e+00   0.0000000e+00   2.1232097e-03   0.0000000e+00
   7.8000000e+02   0.0000000e+00   0.0000000e+00   0.0000000e+00   0.0000000e+00   0.0000000e+00   0.0000000e+00   0.0000000e+00   2.1004112e-03   0.0000000e+00
   7.8100000e+02   0.0000000e+00   0.0000000e+00   0.0000000e+00   0.0000000e+00   0.0000000e+00   0.0000000e+00   0.0000000e+00   2.0954977e-03   0.0000000e+00
   7.8200000e+02   0.0000000e+00   0.0000000e+00   0.0000000e+00   0.0000000e+00   0.0000000e+00   0.0000000e+00   0.0000000e+00   2.1057178e-03   0.0000000e+00
   7.8300000e+02   0.0000000e+00   0.0000000e+00   0.0000000e+00   0.0000000e+00   0.0000000e+00   0.0000000e+00   0.0000000e+00   2.0974631e-03   0.0000000e+00
   7.8400000e+02   0.0000000e+00   0.0000000e+00   0.0000000e+00   0.0000000e+00   0.0000000e+00   0.0000000e+00   0.0000000e+00   2.0837054e-03   0.0000000e+00
   7.8500000e+02   0.0000000e+00   0.0000000e+00   0.0000000e+00   0.0000000e+00   0.0000000e+00   0.0000000e+00   0.0000000e+00   2.0929427e-03   0.0000000e+00
   7.8600000e+02   0.0000000e+00   0.0000000e+00   0.0000000e+00   0.0000000e+00   0.0000000e+00   0.0000000e+00   0.0000000e+00   2.0943185e-03   0.0000000e+00
   7.8700000e+02   0.0000000e+00   0.0000000e+00   0.0000000e+00   0.0000000e+00   0.0000000e+00   0.0000000e+00   0.0000000e+00   2.0695546e-03   0.0000000e+00
   7.8800000e+02   0.0000000e+00   0.0000000e+00   0.0000000e+00   0.0000000e+00   0.0000000e+00   0.0000000e+00   0.0000000e+00   2.0438080e-03   0.0000000e+00
   7.8900000e+02   0.0000000e+00   0.0000000e+00   0.0000000e+00   0.0000000e+00   0.0000000e+00   0.0000000e+00   0.0000000e+00   2.0359464e-03   0.0000000e+00
   7.9000000e+02   0.0000000e+00   0.0000000e+00   0.0000000e+00   0.0000000e+00   0.0000000e+00   0.0000000e+00   0.0000000e+00   1.9742332e-03   0.0000000e+00
   7.9100000e+02   0.0000000e+00   0.0000000e+00   0.0000000e+00   0.0000000e+00   0.0000000e+00   0.0000000e+00   0.0000000e+00   2.0005694e-03   0.0000000e+00
   7.9200000e+02   0.0000000e+00   0.0000000e+00   0.0000000e+00   0.0000000e+00   0.0000000e+00   0.0000000e+00   0.0000000e+00   1.9818982e-03   0.0000000e+00
   7.9300000e+02   0.0000000e+00   0.0000000e+00   0.0000000e+00   0.0000000e+00   0.0000000e+00   0.0000000e+00   0.0000000e+00   1.9683371e-03   0.0000000e+00
   7.9400000e+02   0.0000000e+00   0.0000000e+00   0.0000000e+00   0.0000000e+00   0.0000000e+00   0.0000000e+00   0.0000000e+00   1.9852394e-03   0.0000000e+00
   7.9500000e+02   0.0000000e+00   0.0000000e+00   0.0000000e+00   0.0000000e+00   0.0000000e+00   0.0000000e+00   0.0000000e+00   1.9783605e-03   0.0000000e+00
   7.9600000e+02   0.0000000e+00   0.0000000e+00   0.0000000e+00   0.0000000e+00   0.0000000e+00   0.0000000e+00   0.0000000e+00   1.9454403e-03   0.0000000e+00
   7.9700000e+02   0.0000000e+00   0.0000000e+00   0.0000000e+00   0.0000000e+00   0.0000000e+00   0.0000000e+00   0.0000000e+00   1.9765917e-03   0.0000000e+00
   7.9800000e+02   0.0000000e+00   0.0000000e+00   0.0000000e+00   0.0000000e+00   0.0000000e+00   0.0000000e+00   0.0000000e+00   2.0135410e-03   0.0000000e+00
   7.9900000e+02   0.0000000e+00   0.0000000e+00   0.0000000e+00   0.0000000e+00   0.0000000e+00   0.0000000e+00   0.0000000e+00   1.9748228e-03   0.0000000e+00
   8.0000000e+02   0.0000000e+00   0.0000000e+00   0.0000000e+00   0.0000000e+00   0.0000000e+00   0.0000000e+00   0.0000000e+00   1.9429639e-03   0.0000000e+00
