   2.8000000e+02   5.9340155e-26
   2.8050000e+02   2.5589420e-24
   2.8100000e+02   1.4383281e-23
   2.8150000e+02   6.4640334e-22
   2.8200000e+02   6.6798261e-21
   2.8250000e+02   3.1328988e-20
   2.8300000e+02   1.5997526e-19
   2.8350000e+02   3.4621544e-19
   2.8400000e+02   1.1827779e-17
   2.8450000e+02   5.1409404e-17
   2.8500000e+02   2.1433939e-16
   2.8550000e+02   1.5370149e-15
   2.8600000e+02   5.6171187e-15
   2.8650000e+02   4.4190970e-14
   2.8700000e+02   1.7399053e-13
   2.8750000e+02   8.7974486e-13
   2.8800000e+02   6.7533600e-12
   2.8850000e+02   2.1854591e-11
   2.8900000e+02   8.4472838e-11
   2.8950000e+02   3.7178357e-10
   2.9000000e+02   1.2469281e-09
   2.9050000e+02   3.2293863e-09
   2.9100000e+02   9.4752775e-09
   2.9150000e+02   3.5138130e-08
   2.9200000e+02   9.9529123e-08
   2.9250000e+02   1.7211121e-07
   2.9300000e+02   3.8587630e-07
   2.9350000e+02   1.1550670e-06
   2.9400000e+02   2.3231105e-06
   2.9450000e+02   3.9289680e-06
   2.9500000e+02   7.9491764e-06
   2.9550000e+02   1.9805628e-05
   2.9600000e+02   3.6452311e-05
   2.9650000e+02   5.7760175e-05
   2.9700000e+02   8.2366140e-05
   2.9750000e+02   1.6883316e-04
   2.9800000e+02   2.7708858e-04
   2.9850000e+02   3.5595293e-04
   2.9900000e+02   5.0778898e-04
   2.9950000e+02   9.3568592e-04
   3.0000000e+02   1.1439460e-03
   3.0050000e+02   1.4365406e-03
   3.0100000e+02   2.3122199e-03
   3.0150000e+02   3.3259707e-03
   3.0200000e+02   3.6769757e-03
   3.0250000e+02   5.5384983e-03
   3.0300000e+02   9.4525319e-03
   3.0350000e+02   1.2184904e-02
   3.0400000e+02   1.2949054e-02
   3.0450000e+02   1.6456899e-02
   3.0500000e+02   2.2769349e-02
   3.0550000e+02   2.6003940e-02
   3.0600000e+02   2.5954444e-02
   3.0650000e+02   2.9628729e-02
   3.0700000e+02   3.9112769e-02
   3.0750000e+02   5.0025418e-02
   3.0800000e+02   5.3414095e-02
   3.0850000e+02   5.8649031e-02
   3.0900000e+02   5.7576950e-02
   3.0950000e+02   6.1223742e-02
   3.1000000e+02   7.2083646e-02
   3.1050000e+02   9.3094967e-02
   3.1100000e+02   1.1796793e-01
   3.1150000e+02   1.2014632e-01
   3.1200000e+02   1.3270265e-01
   3.1250000e+02   1.4040482e-01
   3.1300000e+02   1.5254868e-01
   3.1350000e+02   1.5456333e-01
   3.1400000e+02   1.7125407e-01
   3.1450000e+02   1.8521927e-01
   3.1500000e+02   1.9396341e-01
   3.1550000e+02   1.7093057e-01
   3.1600000e+02   1.7715613e-01
   3.1650000e+02   2.1454343e-01
   3.1700000e+02   2.4641087e-01
   3.1750000e+02   2.6455467e-01
   3.1800000e+02   2.5461553e-01
   3.1850000e+02   2.6628751e-01
   3.1900000e+02   2.9245642e-01
   3.1950000e+02   2.8549250e-01
   3.2000000e+02   3.0155590e-01
   3.2050000e+02   3.5634214e-01
   3.2100000e+02   3.5982191e-01
   3.2150000e+02   3.4434329e-01
   3.2200000e+02   3.2827663e-01
   3.2250000e+02   3.2258795e-01
   3.2300000e+02   3.1372204e-01
   3.2350000e+02   3.6205656e-01
   3.2400000e+02   4.0211865e-01
   3.2450000e+02   4.1941606e-01
   3.2500000e+02   4.2106718e-01
   3.2550000e+02   4.8786634e-01
   3.2600000e+02   5.6848983e-01
   3.2650000e+02   6.0466719e-01
   3.2700000e+02   5.9663033e-01
   3.2750000e+02   5.8251784e-01
   3.2800000e+02   5.4196430e-01
   3.2850000e+02   5.6755135e-01
   3.2900000e+02   6.4050152e-01
   3.2950000e+02   7.1215640e-01
   3.3000000e+02   7.2228213e-01
   3.3050000e+02   6.6568203e-01
   3.3100000e+02   6.3161623e-01
   3.3150000e+02   6.5473176e-01
   3.3200000e+02   6.7993942e-01
   3.3250000e+02   6.8504788e-01
   3.3300000e+02   6.7516979e-01
   3.3350000e+02   6.4837038e-01
   3.3400000e+02   6.6491662e-01
   3.3450000e+02   7.1094345e-01
   3.3500000e+02   7.4120416e-01
   3.3550000e+02   7.2596542e-01
   3.3600000e+02   6.6861737e-01
   3.3650000e+02   6.2141532e-01
   3.3700000e+02   6.1298909e-01
   3.3750000e+02   6.6091327e-01
   3.3800000e+02   7.1519064e-01
   3.3850000e+02   7.5098473e-01
   3.3900000e+02   7.6758972e-01
   3.3950000e+02   7.9002796e-01
   3.4000000e+02   8.4267418e-01
   3.4050000e+02   8.4434022e-01
   3.4100000e+02   7.9594064e-01
   3.4150000e+02   7.9485325e-01
   3.4200000e+02   8.3225547e-01
   3.4250000e+02   8.6710190e-01
   3.4300000e+02   8.8444756e-01
   3.4350000e+02   8.3949378e-01
   3.4400000e+02   7.2877747e-01
   3.4450000e+02   7.0355317e-01
   3.4500000e+02   8.0302845e-01
   3.4550000e+02   8.5925059e-01
   3.4600000e+02   8.4230750e-01
   3.4650000e+02   8.6133219e-01
   3.4700000e+02   8.7913241e-01
   3.4750000e+02   8.5231863e-01
   3.4800000e+02   8.5223636e-01
   3.4850000e+02   8.7029358e-01
   3.4900000e+02   8.4179475e-01
   3.4950000e+02   8.6800106e-01
   3.5000000e+02   9.6263086e-01
   3.5050000e+02   1.0389286e+00
   3.5100000e+02   1.0149511e+00
   3.5150000e+02   9.8070864e-01
   3.5200000e+02   9.6110146e-01
   3.5250000e+02   9.1180122e-01
   3.5300000e+02   9.7271089e-01
   3.5350000e+02   1.0738164e+00
   3.5400000e+02   1.1395874e+00
   3.5450000e+02   1.1566013e+00
   3.5500000e+02   1.1611102e+00
   3.5550000e+02   1.1252549e+00
   3.5600000e+02   1.0598722e+00
   3.5650000e+02   9.9784661e-01
   3.5700000e+02   8.8086998e-01
   3.5750000e+02   8.9474059e-01
   3.5800000e+02   8.3574063e-01
   3.5850000e+02   7.7884918e-01
   3.5900000e+02   9.1949463e-01
   3.5950000e+02   1.1119300e+00
   3.6000000e+02   1.1804722e+00
   3.6050000e+02   1.1196623e+00
   3.6100000e+02   1.0340629e+00
   3.6150000e+02   1.0164334e+00
   3.6200000e+02   1.0693559e+00
   3.6250000e+02   1.1754625e+00
   3.6300000e+02   1.2135151e+00
   3.6350000e+02   1.1844766e+00
   3.6400000e+02   1.2310631e+00
   3.6450000e+02   1.2238295e+00
   3.6500000e+02   1.2752558e+00
   3.6550000e+02   1.4083376e+00
   3.6600000e+02   1.5141913e+00
   3.6650000e+02   1.5219564e+00
   3.6700000e+02   1.4987313e+00
   3.6750000e+02   1.4753452e+00
   3.6800000e+02   1.3936458e+00
   3.6850000e+02   1.3889803e+00
   3.6900000e+02   1.4567912e+00
   3.6950000e+02   1.5702938e+00
   3.7000000e+02   1.5974631e+00
   3.7050000e+02   1.4489045e+00
   3.7100000e+02   1.4765920e+00
   3.7150000e+02   1.5393980e+00
   3.7200000e+02   1.4456934e+00
   3.7250000e+02   1.3817387e+00
   3.7300000e+02   1.3350932e+00
   3.7350000e+02   1.2073239e+00
   3.7400000e+02   1.2079713e+00
   3.7450000e+02   1.2028265e+00
   3.7500000e+02   1.2875377e+00
   3.7550000e+02   1.4281677e+00
   3.7600000e+02   1.4836098e+00
   3.7650000e+02   1.4641884e+00
   3.7700000e+02   1.5756408e+00
   3.7750000e+02   1.7630935e+00
   3.7800000e+02   1.9051720e+00
   3.7850000e+02   1.8627152e+00
   3.7900000e+02   1.6664079e+00
   3.7950000e+02   1.4985934e+00
   3.8000000e+02   1.5798275e+00
   3.8050000e+02   1.6978044e+00
   3.8100000e+02   1.7327651e+00
   3.8150000e+02   1.5664256e+00
   3.8200000e+02   1.3393757e+00
   3.8250000e+02   1.1622285e+00
   3.8300000e+02   1.0449118e+00
   3.8350000e+02   1.0145492e+00
   3.8400000e+02   1.1773114e+00
   3.8450000e+02   1.4214314e+00
   3.8500000e+02   1.5648067e+00
   3.8550000e+02   1.4995433e+00
   3.8600000e+02   1.4510075e+00
   3.8650000e+02   1.5130902e+00
   3.8700000e+02   1.5310558e+00
   3.8750000e+02   1.5132164e+00
   3.8800000e+02   1.5028157e+00
   3.8850000e+02   1.4965062e+00
   3.8900000e+02   1.6292720e+00
   3.8950000e+02   1.8109040e+00
   3.9000000e+02   1.9051334e+00
   3.9050000e+02   1.9265352e+00
   3.9100000e+02   2.0464973e+00
   3.9150000e+02   2.0812738e+00
   3.9200000e+02   1.9214221e+00
   3.9250000e+02   1.6058841e+00
   3.9300000e+02   1.1659224e+00
   3.9350000e+02   9.2966298e-01
   3.9400000e+02   1.2109667e+00
   3.9450000e+02   1.6750548e+00
   3.9500000e+02   1.9836586e+00
   3.9550000e+02   2.1185346e+00
   3.9600000e+02   1.8677964e+00
   3.9650000e+02   1.3618204e+00
   3.9700000e+02   1.0576947e+00
   3.9750000e+02   1.5662184e+00
   3.9800000e+02   2.1267045e+00
   3.9850000e+02   2.5182611e+00
   3.9900000e+02   2.6809976e+00
   3.9950000e+02   2.7702214e+00
   4.0000000e+02   2.8074153e+00
   4.0100000e+02   2.9384863e+00
   4.0200000e+02   3.0699743e+00
   4.0300000e+02   2.9706539e+00
   4.0400000e+02   3.0333246e+00
   4.0500000e+02   2.9731452e+00
   4.0600000e+02   2.9136154e+00
   4.0700000e+02   2.8754552e+00
   4.0800000e+02   3.0169548e+00
   4.0900000e+02   3.2372446e+00
   4.1000000e+02   2.7721091e+00
   4.1100000e+02   3.1175141e+00
   4.1200000e+02   3.3287799e+00
   4.1300000e+02   3.2079559e+00
   4.1400000e+02   3.1874585e+00
   4.1500000e+02   3.3142816e+00
   4.1600000e+02   3.4286079e+00
   4.1700000e+02   3.3589328e+00
   4.1800000e+02   3.2272672e+00
   4.1900000e+02   3.3737123e+00
   4.2000000e+02   3.1049518e+00
   4.2100000e+02   3.5416565e+00
   4.2200000e+02   3.5087743e+00
   4.2300000e+02   3.4121761e+00
   4.2400000e+02   3.4078771e+00
   4.2500000e+02   3.5270769e+00
   4.2600000e+02   3.4412174e+00
   4.2700000e+02   3.3380738e+00
   4.2800000e+02   3.3843396e+00
   4.2900000e+02   3.1463560e+00
   4.3000000e+02   2.5201206e+00
   4.3100000e+02   2.2970965e+00
   4.3200000e+02   3.8367152e+00
   4.3300000e+02   3.5839888e+00
   4.3400000e+02   3.3239975e+00
   4.3500000e+02   3.6605218e+00
   4.3600000e+02   4.0300010e+00
   4.3700000e+02   4.1287129e+00
   4.3800000e+02   3.6370136e+00
   4.3900000e+02   3.5127009e+00
   4.4000000e+02   4.0419708e+00
   4.4100000e+02   4.0017752e+00
   4.4200000e+02   4.2993175e+00
   4.4300000e+02   4.3767897e+00
   4.4400000e+02   4.2805555e+00
   4.4500000e+02   4.4593946e+00
   4.4600000e+02   4.0124857e+00
   4.4700000e+02   4.5784237e+00
   4.4800000e+02   4.6504374e+00
   4.4900000e+02   4.6559402e+00
   4.5000000e+02   4.8438018e+00
   4.5100000e+02   5.0411204e+00
   4.5200000e+02   4.8430447e+00
   4.5300000e+02   4.4873236e+00
   4.5400000e+02   4.8295707e+00
   4.5500000e+02   4.8116919e+00
   4.5600000e+02   4.9872644e+00
   4.5700000e+02   5.0459379e+00
   4.5800000e+02   4.9547911e+00
   4.5900000e+02   4.9322394e+00
   4.6000000e+02   4.9168459e+00
   4.6100000e+02   5.1062835e+00
   4.6200000e+02   5.1702517e+00
   4.6300000e+02   5.2046570e+00
   4.6400000e+02   5.0619648e+00
   4.6500000e+02   5.0145877e+00
   4.6600000e+02   5.1363544e+00
   4.6700000e+02   4.9233740e+00
   4.6800000e+02   5.1537058e+00
   4.6900000e+02   5.1917605e+00
   4.7000000e+02   5.0072381e+00
   4.7100000e+02   5.1068434e+00
   4.7200000e+02   5.3882627e+00
   4.7300000e+02   5.1953279e+00
   4.7400000e+02   5.2696873e+00
   4.7500000e+02   5.4598219e+00
   4.7600000e+02   5.2899334e+00
   4.7700000e+02   5.3381170e+00
   4.7800000e+02   5.5278579e+00
   4.7900000e+02   5.4381526e+00
   4.8000000e+02   5.5453715e+00
   4.8100000e+02   5.5613458e+00
   4.8200000e+02   5.5982832e+00
   4.8300000e+02   5.5465297e+00
   4.8400000e+02   5.4568996e+00
   4.8500000e+02   5.4539890e+00
   4.8600000e+02   4.4340811e+00
   4.8700000e+02   4.9791729e+00
   4.8800000e+02   5.4041266e+00
   4.8900000e+02   5.1046398e+00
   4.9000000e+02   5.7194540e+00
   4.9100000e+02   5.5124344e+00
   4.9200000e+02   5.2699881e+00
   4.9300000e+02   5.6518893e+00
   4.9400000e+02   5.5324925e+00
   4.9500000e+02   5.8895004e+00
   4.9600000e+02   5.6154056e+00
   4.9700000e+02   5.7264033e+00
   4.9800000e+02   5.5851969e+00
   4.9900000e+02   5.5997481e+00
   5.0000000e+02   5.5950927e+00
   5.0100000e+02   5.4384000e+00
   5.0200000e+02   5.4496746e+00
   5.0300000e+02   5.7152516e+00
   5.0400000e+02   5.3412457e+00
   5.0500000e+02   5.7383982e+00
   5.0600000e+02   5.9844369e+00
   5.0700000e+02   5.7399408e+00
   5.0800000e+02   5.6077778e+00
   5.0900000e+02   5.8910380e+00
   5.1000000e+02   5.7521697e+00
   5.1100000e+02   5.8727648e+00
   5.1200000e+02   6.0434187e+00
   5.1300000e+02   5.6916946e+00
   5.1400000e+02   5.5851000e+00
   5.1500000e+02   5.7603633e+00
   5.1600000e+02   5.8271726e+00
   5.1700000e+02   4.7596844e+00
   5.1800000e+02   5.4562829e+00
   5.1900000e+02   5.3007083e+00
   5.2000000e+02   5.8006458e+00
   5.2100000e+02   5.8566443e+00
   5.2200000e+02   6.0022379e+00
   5.2300000e+02   5.6710933e+00
   5.2400000e+02   6.1136868e+00
   5.2500000e+02   6.0801664e+00
   5.2600000e+02   5.9247180e+00
   5.2700000e+02   5.1943694e+00
   5.2800000e+02   5.9600409e+00
   5.2900000e+02   6.2515941e+00
   5.3000000e+02   6.0224773e+00
   5.3100000e+02   6.3666380e+00
   5.3200000e+02   6.2657082e+00
   5.3300000e+02   5.6076023e+00
   5.3400000e+02   6.0201826e+00
   5.3500000e+02   6.1253416e+00
   5.3600000e+02   6.4015047e+00
   5.3700000e+02   5.9364330e+00
   5.3800000e+02   6.2473574e+00
   5.3900000e+02   6.1067292e+00
   5.4000000e+02   5.9095811e+00
   5.4100000e+02   5.6940294e+00
   5.4200000e+02   6.2113743e+00
   5.4300000e+02   6.1225539e+00
   5.4400000e+02   6.3511250e+00
   5.4500000e+02   6.2197951e+00
   5.4600000e+02   6.1759996e+00
   5.4700000e+02   6.2700461e+00
   5.4800000e+02   6.1047454e+00
   5.4900000e+02   6.3090283e+00
   5.5000000e+02   6.2727210e+00
   5.5100000e+02   6.2799820e+00
   5.5200000e+02   6.4223825e+00
   5.5300000e+02   6.2537927e+00
   5.5400000e+02   6.3896351e+00
   5.5500000e+02   6.4387354e+00
   5.5600000e+02   6.3425445e+00
   5.5700000e+02   6.2003512e+00
   5.5800000e+02   6.3476403e+00
   5.5900000e+02   6.0189467e+00
   5.6000000e+02   6.1387496e+00
   5.6100000e+02   6.5092809e+00
   5.6200000e+02   6.2109247e+00
   5.6300000e+02   6.4600344e+00
   5.6400000e+02   6.3466125e+00
   5.6500000e+02   6.3998860e+00
   5.6600000e+02   6.0649935e+00
   5.6700000e+02   6.4784504e+00
   5.6800000e+02   6.4333930e+00
   5.6900000e+02   6.2897114e+00
   5.7000000e+02   6.3064813e+00
   5.7100000e+02   6.1123682e+00
   5.7200000e+02   6.4691388e+00
   5.7300000e+02   6.5096569e+00
   5.7400000e+02   6.4884005e+00
   5.7500000e+02   6.3545938e+00
   5.7600000e+02   6.3141425e+00
   5.7700000e+02   6.4861493e+00
   5.7800000e+02   6.2983922e+00
   5.7900000e+02   6.4012189e+00
   5.8000000e+02   6.5213268e+00
   5.8100000e+02   6.5631577e+00
   5.8200000e+02   6.6770735e+00
   5.8300000e+02   6.7582134e+00
   5.8400000e+02   6.7566290e+00
   5.8500000e+02   6.7154023e+00
   5.8600000e+02   6.5662630e+00
   5.8700000e+02   6.7241356e+00
   5.8800000e+02   6.5857253e+00
   5.8900000e+02   5.7006335e+00
   5.9000000e+02   6.0721985e+00
   5.9100000e+02   6.5047483e+00
   5.9200000e+02   6.3816897e+00
   5.9300000e+02   6.4846401e+00
   5.9400000e+02   6.4672820e+00
   5.9500000e+02   6.3991130e+00
   5.9600000e+02   6.6041063e+00
   5.9700000e+02   6.6366389e+00
   5.9800000e+02   6.5673009e+00
   5.9900000e+02   6.5797847e+00
   6.0000000e+02   6.6574541e+00
   6.0100000e+02   6.5907049e+00
   6.0200000e+02   6.5035742e+00
   6.0300000e+02   6.6539569e+00
   6.0400000e+02   6.7830991e+00
   6.0500000e+02   6.7837124e+00
   6.0600000e+02   6.7620090e+00
   6.0700000e+02   6.8142538e+00
   6.0800000e+02   6.8041407e+00
   6.0900000e+02   6.7644407e+00
   6.1000000e+02   6.7475121e+00
   6.1100000e+02   6.7243646e+00
   6.1200000e+02   6.8376536e+00
   6.1300000e+02   6.7525227e+00
   6.1400000e+02   6.5588157e+00
   6.1500000e+02   6.8115563e+00
   6.1600000e+02   6.6434954e+00
   6.1700000e+02   6.5707538e+00
   6.1800000e+02   6.8313562e+00
   6.1900000e+02   6.8755153e+00
   6.2000000e+02   6.8902494e+00
   6.2100000e+02   6.9324990e+00
   6.2200000e+02   6.6957302e+00
   6.2300000e+02   6.6601608e+00
   6.2400000e+02   6.6489506e+00
   6.2500000e+02   6.6157343e+00
   6.2600000e+02   6.6200421e+00
   6.2700000e+02   6.8229078e+00
   6.2800000e+02   6.4695867e+00
   6.2900000e+02   6.7059068e+00
   6.3000000e+02   6.6275964e+00
   6.3100000e+02   6.7488483e+00
   6.3200000e+02   6.5102661e+00
   6.3300000e+02   6.9347478e+00
   6.3400000e+02   6.8381534e+00
   6.3500000e+02   6.9327798e+00
   6.3600000e+02   6.7858500e+00
   6.3700000e+02   7.0286063e+00
   6.3800000e+02   7.0865569e+00
   6.3900000e+02   7.0688294e+00
   6.4000000e+02   6.9322826e+00
   6.4100000e+02   6.9473995e+00
   6.4200000e+02   6.9716501e+00
   6.4300000e+02   7.0550479e+00
   6.4400000e+02   7.0358831e+00
   6.4500000e+02   7.0985518e+00
   6.4600000e+02   6.9082009e+00
   6.4700000e+02   6.8902394e+00
   6.4800000e+02   6.8364503e+00
   6.4900000e+02   6.6349467e+00
   6.5000000e+02   6.6804763e+00
   6.5100000e+02   7.1107281e+00
   6.5200000e+02   6.8421461e+00
   6.5300000e+02   7.0665464e+00
   6.5400000e+02   6.9992165e+00
   6.5500000e+02   6.6886239e+00
   6.5600000e+02   5.8803935e+00
   6.5700000e+02   6.1589272e+00
   6.5800000e+02   6.8952132e+00
   6.5900000e+02   6.9310241e+00
   6.6000000e+02   6.9867670e+00
   6.6100000e+02   6.9697348e+00
   6.6200000e+02   6.9249590e+00
   6.6300000e+02   6.9470544e+00
   6.6400000e+02   7.0174587e+00
   6.6500000e+02   7.1525056e+00
   6.6600000e+02   7.1571392e+00
   6.6700000e+02   7.1160495e+00
   6.6800000e+02   7.1507214e+00
   6.6900000e+02   7.2855351e+00
   6.7000000e+02   7.1962059e+00
   6.7100000e+02   7.1934892e+00
   6.7200000e+02   7.1042526e+00
   6.7300000e+02   7.1761252e+00
   6.7400000e+02   7.1766500e+00
   6.7500000e+02   7.1291993e+00
   6.7600000e+02   7.2228012e+00
   6.7700000e+02   7.1672949e+00
   6.7800000e+02   7.2164085e+00
   6.7900000e+02   7.1657723e+00
   6.8000000e+02   7.1882588e+00
   6.8100000e+02   7.1709450e+00
   6.8200000e+02   7.2162397e+00
   6.8300000e+02   7.1491989e+00
   6.8400000e+02   7.1133679e+00
   6.8500000e+02   7.1289193e+00
   6.8600000e+02   6.9788149e+00
   6.8700000e+02   5.0683655e+00
   6.8800000e+02   5.8613808e+00
   6.8900000e+02   5.9073248e+00
   6.9000000e+02   6.1961253e+00
   6.9100000e+02   6.4678377e+00
   6.9200000e+02   6.6593527e+00
   6.9300000e+02   6.6284387e+00
   6.9400000e+02   6.5637711e+00
   6.9500000e+02   6.7009998e+00
   6.9600000e+02   6.6961013e+00
   6.9700000e+02   7.0773238e+00
   6.9800000e+02   6.9766539e+00
   6.9900000e+02   6.8464605e+00
   7.0000000e+02   6.8065340e+00
   7.0100000e+02   6.7301465e+00
   7.0200000e+02   6.7462001e+00
   7.0300000e+02   6.7951700e+00
   7.0400000e+02   6.9795603e+00
   7.0500000e+02   7.0631161e+00
   7.0600000e+02   7.0353767e+00
   7.0700000e+02   7.0158016e+00
   7.0800000e+02   7.0044259e+00
   7.0900000e+02   7.0386107e+00
   7.1000000e+02   7.0924432e+00
   7.1100000e+02   7.0905496e+00
   7.1200000e+02   7.0541137e+00
   7.1300000e+02   6.9823940e+00
   7.1400000e+02   7.0542390e+00
   7.1500000e+02   6.8281105e+00
   7.1600000e+02   6.9094593e+00
   7.1700000e+02   6.0401405e+00
   7.1800000e+02   5.6323471e+00
   7.1900000e+02   5.0634528e+00
   7.2000000e+02   5.4114001e+00
   7.2100000e+02   5.9627958e+00
   7.2200000e+02   6.8062683e+00
   7.2300000e+02   6.2973133e+00
   7.2400000e+02   5.8265526e+00
   7.2500000e+02   5.7398460e+00
   7.2600000e+02   5.9841869e+00
   7.2700000e+02   6.0136927e+00
   7.2800000e+02   5.7774067e+00
   7.2900000e+02   5.8179343e+00
   7.3000000e+02   6.2795900e+00
   7.3100000e+02   5.9682238e+00
   7.3200000e+02   6.4350376e+00
   7.3300000e+02   6.6772030e+00
   7.3400000e+02   6.9071245e+00
   7.3500000e+02   6.8182624e+00
   7.3600000e+02   6.7617298e+00
   7.3700000e+02   6.7610630e+00
   7.3800000e+02   6.8972789e+00
   7.3900000e+02   6.7034525e+00
   7.4000000e+02   6.8757760e+00
   7.4100000e+02   6.8596797e+00
   7.4200000e+02   6.8726573e+00
   7.4300000e+02   7.0259656e+00
   7.4400000e+02   7.0926204e+00
   7.4500000e+02   7.0996632e+00
   7.4600000e+02   7.0948549e+00
   7.4700000e+02   7.1093593e+00
   7.4800000e+02   7.0776221e+00
   7.4900000e+02   7.0639258e+00
   7.5000000e+02   7.0652094e+00
   7.5100000e+02   7.0438786e+00
   7.5200000e+02   7.0790227e+00
   7.5300000e+02   7.0538279e+00
   7.5400000e+02   7.1532969e+00
   7.5500000e+02   7.1425947e+00
   7.5600000e+02   7.0661370e+00
   7.5700000e+02   7.0697904e+00
   7.5800000e+02   7.1234692e+00
   7.5900000e+02   6.9337099e+00
   7.6000000e+02   1.5696978e+00
   7.6100000e+02   9.1115969e-01
   7.6200000e+02   4.0428852e+00
   7.6300000e+02   2.2454385e+00
   7.6400000e+02   3.1848399e+00
   7.6500000e+02   4.0515143e+00
   7.6600000e+02   4.8059285e+00
   7.6700000e+02   5.7411858e+00
   7.6800000e+02   6.5602647e+00
   7.6900000e+02   6.6491336e+00
   7.7000000e+02   6.8501717e+00
   7.7100000e+02   6.9041680e+00
   7.7200000e+02   6.9686033e+00
   7.7300000e+02   6.9744002e+00
   7.7400000e+02   6.9853631e+00
   7.7500000e+02   6.9950357e+00
   7.7600000e+02   7.0209216e+00
   7.7700000e+02   6.9890633e+00
   7.7800000e+02   6.9915569e+00
   7.7900000e+02   7.0324411e+00
   7.8000000e+02   6.9658590e+00
   7.8100000e+02   6.9584735e+00
   7.8200000e+02   7.0013641e+00
   7.8300000e+02   6.9828361e+00
   7.8400000e+02   6.9458937e+00
   7.8500000e+02   6.9855845e+00
   7.8600000e+02   6.9990811e+00
   7.8700000e+02   6.9251211e+00
   7.8800000e+02   6.8476580e+00
   7.8900000e+02   6.8299748e+00
   7.9000000e+02   6.6313401e+00
   7.9100000e+02   6.7283080e+00
   7.9200000e+02   6.6739398e+00
   7.9300000e+02   6.6366423e+00
   7.9400000e+02   6.7020728e+00
   7.9500000e+02   6.6872618e+00
   7.9600000e+02   6.5842562e+00
   7.9700000e+02   6.6980909e+00
   7.9800000e+02   6.8318626e+00
   7.9900000e+02   6.7088900e+00
   8.0000000e+02   6.6089196e+00
   8.0100000e+02   6.6920816e+00
   8.0200000e+02   6.7092828e+00
   8.0300000e+02   6.5953874e+00
   8.0400000e+02   6.6818056e+00
   8.0500000e+02   6.5433336e+00
   8.0600000e+02   6.8175078e+00
   8.0700000e+02   6.7558318e+00
   8.0800000e+02   6.7415165e+00
   8.0900000e+02   6.5814582e+00
   8.1000000e+02   6.5987314e+00
   8.1100000e+02   6.5923071e+00
   8.1200000e+02   6.4381950e+00
   8.1300000e+02   6.3342974e+00
   8.1400000e+02   5.6921395e+00
   8.1500000e+02   5.6477808e+00
   8.1600000e+02   5.2622146e+00
   8.1700000e+02   5.3924416e+00
   8.1800000e+02   5.2155056e+00
   8.1900000e+02   5.7382592e+00
   8.2000000e+02   5.4749413e+00
   8.2100000e+02   6.3318626e+00
   8.2200000e+02   6.0503197e+00
   8.2300000e+02   4.3036000e+00
   8.2400000e+02   5.9643709e+00
   8.2500000e+02   6.1876017e+00
   8.2600000e+02   5.9727044e+00
   8.2700000e+02   6.3011503e+00
   8.2800000e+02   5.4571570e+00
   8.2900000e+02   5.9670332e+00
   8.3000000e+02   5.8906536e+00
   8.3100000e+02   5.9488604e+00
   8.3200000e+02   5.7679511e+00
   8.3300000e+02   6.1689438e+00
   8.3400000e+02   6.0359875e+00
   8.3500000e+02   6.4834464e+00
   8.3600000e+02   6.2968596e+00
   8.3700000e+02   6.5392633e+00
   8.3800000e+02   6.4834911e+00
   8.3900000e+02   6.5051099e+00
   8.4000000e+02   6.6069943e+00
   8.4100000e+02   6.5798612e+00
   8.4200000e+02   6.5021956e+00
   8.4300000e+02   6.5634563e+00
   8.4400000e+02   6.4487336e+00
   8.4500000e+02   6.6535241e+00
   8.4600000e+02   6.6770219e+00
   8.4700000e+02   6.5079655e+00
   8.4800000e+02   6.5201134e+00
   8.4900000e+02   6.4878593e+00
   8.5000000e+02   5.8884057e+00
   8.5100000e+02   6.4325268e+00
   8.5200000e+02   6.4036325e+00
   8.5300000e+02   6.3824936e+00
   8.5400000e+02   5.6377944e+00
   8.5500000e+02   6.0549365e+00
   8.5600000e+02   6.4623807e+00
   8.5700000e+02   6.5928219e+00
   8.5800000e+02   6.6030243e+00
   8.5900000e+02   6.6097869e+00
   8.6000000e+02   6.5947002e+00
   8.6100000e+02   6.5940223e+00
   8.6200000e+02   6.6534726e+00
   8.6300000e+02   6.7020813e+00
   8.6400000e+02   6.5670355e+00
   8.6500000e+02   6.4684515e+00
   8.6600000e+02   5.7084746e+00
   8.6700000e+02   6.1631023e+00
   8.6800000e+02   6.4657160e+00
   8.6900000e+02   6.4086802e+00
   8.7000000e+02   6.5382662e+00
   8.7100000e+02   6.4539267e+00
   8.7200000e+02   6.5499448e+00
   8.7300000e+02   6.4926746e+00
   8.7400000e+02   6.3870524e+00
   8.7500000e+02   6.3031804e+00
   8.7600000e+02   6.4876083e+00
   8.7700000e+02   6.5186858e+00
   8.7800000e+02   6.5010996e+00
   8.7900000e+02   6.4010414e+00
   8.8000000e+02   6.4296493e+00
   8.8100000e+02   6.2255906e+00
   8.8200000e+02   6.3965755e+00
   8.8300000e+02   6.3822080e+00
   8.8400000e+02   6.4163989e+00
   8.8500000e+02   6.5016059e+00
   8.8600000e+02   6.2573693e+00
   8.8700000e+02   6.2854825e+00
   8.8800000e+02   6.3741949e+00
   8.8900000e+02   6.4662114e+00
   8.9000000e+02   6.4018640e+00
   8.9100000e+02   6.4222359e+00
   8.9200000e+02   6.3126397e+00
   8.9300000e+02   6.0752500e+00
   8.9400000e+02   5.9327137e+00
   8.9500000e+02   5.6807986e+00
   8.9600000e+02   5.3359109e+00
   8.9700000e+02   4.6706192e+00
   8.9800000e+02   5.0380507e+00
   8.9900000e+02   3.8660030e+00
   9.0000000e+02   5.2216492e+00
   9.0100000e+02   4.2285515e+00
   9.0200000e+02   4.7109753e+00
   9.0300000e+02   4.8658336e+00
   9.0400000e+02   5.9574511e+00
   9.0500000e+02   5.7730848e+00
   9.0600000e+02   5.4891166e+00
   9.0700000e+02   4.5349482e+00
   9.0800000e+02   4.6354014e+00
   9.0900000e+02   5.0067124e+00
   9.1000000e+02   4.4526116e+00
   9.1100000e+02   4.7640708e+00
   9.1200000e+02   4.9162356e+00
   9.1300000e+02   4.4942226e+00
   9.1400000e+02   4.4864663e+00
   9.1500000e+02   4.8591568e+00
   9.1600000e+02   4.1410357e+00
   9.1700000e+02   5.2375975e+00
   9.1800000e+02   4.2661435e+00
   9.1900000e+02   5.3113026e+00
   9.2000000e+02   5.3552144e+00
   9.2100000e+02   5.6186316e+00
   9.2200000e+02   5.0530441e+00
   9.2300000e+02   5.3758394e+00
   9.2400000e+02   5.2174295e+00
   9.2500000e+02   5.1496433e+00
   9.2600000e+02   5.0974841e+00
   9.2700000e+02   5.7079110e+00
   9.2800000e+02   4.2933062e+00
   9.2900000e+02   4.0207092e+00
   9.3000000e+02   3.1613857e+00
   9.3100000e+02   2.9983730e+00
   9.3200000e+02   2.2107742e+00
   9.3300000e+02   1.8290072e+00
   9.3400000e+02   1.0617879e+00
   9.3500000e+02   1.8509766e+00
   9.3600000e+02   1.1941361e+00
   9.3700000e+02   1.2099757e+00
   9.3800000e+02   1.4863163e+00
   9.3900000e+02   2.9496721e+00
   9.4000000e+02   3.4885317e+00
   9.4100000e+02   2.7577954e+00
   9.4200000e+02   3.0064056e+00
   9.4300000e+02   2.0716197e+00
   9.4400000e+02   2.1288785e+00
   9.4500000e+02   2.7425109e+00
   9.4600000e+02   1.4552768e+00
   9.4700000e+02   2.7705523e+00
   9.4800000e+02   2.0526589e+00
   9.4900000e+02   3.6887071e+00
   9.5000000e+02   1.1069685e+00
   9.5100000e+02   3.6209047e+00
   9.5200000e+02   2.0220998e+00
   9.5300000e+02   2.5835971e+00
   9.5400000e+02   3.1878827e+00
   9.5500000e+02   2.5700256e+00
   9.5600000e+02   2.4762119e+00
   9.5700000e+02   2.0465552e+00
   9.5800000e+02   3.4786405e+00
   9.5900000e+02   2.8284191e+00
   9.6000000e+02   3.1836248e+00
   9.6100000e+02   3.4917825e+00
   9.6200000e+02   3.3493482e+00
   9.6300000e+02   3.8293109e+00
   9.6400000e+02   3.4834299e+00
   9.6500000e+02   3.8279095e+00
   9.6600000e+02   3.8244497e+00
   9.6700000e+02   3.8264694e+00
   9.6800000e+02   4.9586926e+00
   9.6900000e+02   5.2212330e+00
   9.7000000e+02   4.8382723e+00
   9.7100000e+02   5.4412737e+00
   9.7200000e+02   5.2495004e+00
   9.7300000e+02   4.6411829e+00
   9.7400000e+02   4.4090199e+00
   9.7500000e+02   4.5248426e+00
   9.7600000e+02   4.3937686e+00
   9.7700000e+02   4.9054366e+00
   9.7800000e+02   4.7322120e+00
   9.7900000e+02   4.9123697e+00
   9.8000000e+02   4.6631076e+00
   9.8100000e+02   5.4972295e+00
   9.8200000e+02   5.3423223e+00
   9.8300000e+02   5.1681128e+00
   9.8400000e+02   5.6975734e+00
   9.8500000e+02   5.3283524e+00
   9.8600000e+02   5.8132188e+00
   9.8700000e+02   5.7313573e+00
   9.8800000e+02   5.7016624e+00
   9.8900000e+02   5.8175175e+00
   9.9000000e+02   5.6953347e+00
   9.9100000e+02   5.8658852e+00
   9.9200000e+02   5.8522408e+00
   9.9300000e+02   5.7525896e+00
   9.9400000e+02   5.8884604e+00
   9.9500000e+02   5.8762583e+00
   9.9600000e+02   5.8601912e+00
   9.9700000e+02   5.7949245e+00
   9.9800000e+02   5.7945654e+00
   9.9900000e+02   5.7982011e+00
   1.0000000e+03   5.7792698e+00
   1.0010000e+03   5.8564850e+00
   1.0020000e+03   5.7354815e+00
   1.0030000e+03   5.7904891e+00
   1.0040000e+03   5.7098461e+00
   1.0050000e+03   5.3866565e+00
   1.0060000e+03   5.6363973e+00
   1.0070000e+03   5.7611564e+00
   1.0080000e+03   5.7621604e+00
   1.0090000e+03   5.7118060e+00
   1.0100000e+03   5.7135000e+00
   1.0110000e+03   5.7477971e+00
   1.0120000e+03   5.7224460e+00
   1.0130000e+03   5.7187043e+00
   1.0140000e+03   5.7490922e+00
   1.0150000e+03   5.6553547e+00
   1.0160000e+03   5.6863971e+00
   1.0170000e+03   5.6291896e+00
   1.0180000e+03   5.7220056e+00
   1.0190000e+03   5.5247075e+00
   1.0200000e+03   5.6118708e+00
   1.0210000e+03   5.6402384e+00
   1.0220000e+03   5.5495130e+00
   1.0230000e+03   5.5985414e+00
   1.0240000e+03   5.5686734e+00
   1.0250000e+03   5.6297867e+00
   1.0260000e+03   5.6265340e+00
   1.0270000e+03   5.6056708e+00
   1.0280000e+03   5.6180015e+00
   1.0290000e+03   5.5623287e+00
   1.0300000e+03   5.6025934e+00
   1.0310000e+03   5.5827893e+00
   1.0320000e+03   5.5927749e+00
   1.0330000e+03   5.5031530e+00
   1.0340000e+03   5.5417468e+00
   1.0350000e+03   5.5654421e+00
   1.0360000e+03   5.5686550e+00
   1.0370000e+03   5.5169233e+00
   1.0380000e+03   5.4959610e+00
   1.0390000e+03   5.5395452e+00
   1.0400000e+03   5.5069851e+00
   1.0410000e+03   5.5134112e+00
   1.0420000e+03   5.5210584e+00
   1.0430000e+03   5.4711858e+00
   1.0440000e+03   5.5020805e+00
   1.0450000e+03   5.4763502e+00
   1.0460000e+03   5.3387645e+00
   1.0470000e+03   5.4252365e+00
   1.0480000e+03   5.4786726e+00
   1.0490000e+03   5.4529565e+00
   1.0500000e+03   5.4227065e+00
   1.0510000e+03   5.4331406e+00
   1.0520000e+03   5.4053437e+00
   1.0530000e+03   5.3942030e+00
   1.0540000e+03   5.3769540e+00
   1.0550000e+03   5.3991587e+00
   1.0560000e+03   5.3877746e+00
   1.0570000e+03   5.3800691e+00
   1.0580000e+03   5.3299901e+00
   1.0590000e+03   5.1728160e+00
   1.0600000e+03   5.3211984e+00
   1.0610000e+03   5.2039529e+00
   1.0620000e+03   5.3054133e+00
   1.0630000e+03   5.2245108e+00
   1.0640000e+03   5.3100699e+00
   1.0650000e+03   5.2918324e+00
   1.0660000e+03   5.1960515e+00
   1.0670000e+03   5.2282992e+00
   1.0680000e+03   5.2264164e+00
   1.0690000e+03   4.9514361e+00
   1.0700000e+03   5.1125434e+00
   1.0710000e+03   5.2180963e+00
   1.0720000e+03   5.2131145e+00
   1.0730000e+03   5.1186284e+00
   1.0740000e+03   5.2754332e+00
   1.0750000e+03   5.0354622e+00
   1.0760000e+03   5.2278009e+00
   1.0770000e+03   5.1457199e+00
   1.0780000e+03   5.1415795e+00
   1.0790000e+03   5.1584314e+00
   1.0800000e+03   5.1008493e+00
   1.0810000e+03   4.9659164e+00
   1.0820000e+03   5.0428440e+00
   1.0830000e+03   5.1226204e+00
   1.0840000e+03   4.9617621e+00
   1.0850000e+03   5.0921865e+00
   1.0860000e+03   4.7640938e+00
   1.0870000e+03   4.8764836e+00
   1.0880000e+03   5.1059026e+00
   1.0890000e+03   4.9920196e+00
   1.0900000e+03   4.7962149e+00
   1.0910000e+03   5.0801404e+00
   1.0920000e+03   5.0232923e+00
   1.0930000e+03   4.4222400e+00
   1.0940000e+03   4.6733944e+00
   1.0950000e+03   4.5168944e+00
   1.0960000e+03   4.3715490e+00
   1.0970000e+03   5.0240167e+00
   1.0980000e+03   4.3775077e+00
   1.0990000e+03   4.4230053e+00
   1.1000000e+03   4.2387747e+00
   1.1010000e+03   4.3397854e+00
   1.1020000e+03   4.0991398e+00
   1.1030000e+03   4.0823973e+00
   1.1040000e+03   4.0972614e+00
   1.1050000e+03   4.4382881e+00
   1.1060000e+03   3.4972810e+00
   1.1070000e+03   4.2428996e+00
   1.1080000e+03   3.6588786e+00
   1.1090000e+03   3.6373443e+00
   1.1100000e+03   4.2200778e+00
   1.1110000e+03   2.9311660e+00
   1.1120000e+03   3.6547107e+00
   1.1130000e+03   2.3809070e+00
   1.1140000e+03   2.6601792e+00
   1.1150000e+03   2.2206384e+00
   1.1160000e+03   1.7927083e+00
   1.1170000e+03   7.1093056e-01
   1.1180000e+03   1.9397965e+00
   1.1190000e+03   1.0118631e+00
   1.1200000e+03   1.2693051e+00
   1.1210000e+03   1.6630359e+00
   1.1220000e+03   7.3281798e-01
   1.1230000e+03   1.1500516e+00
   1.1240000e+03   9.7655931e-01
   1.1250000e+03   1.2967821e+00
   1.1260000e+03   4.6476868e-01
   1.1270000e+03   1.4156795e+00
   1.1280000e+03   8.9497322e-01
   1.1290000e+03   9.5599639e-01
   1.1300000e+03   6.3803393e-01
   1.1310000e+03   2.6653324e+00
   1.1320000e+03   2.1150618e+00
   1.1330000e+03   1.3880905e+00
   1.1340000e+03   3.7893699e-01
   1.1350000e+03   1.4055265e-01
   1.1360000e+03   1.1695352e+00
   1.1370000e+03   2.6102074e+00
   1.1380000e+03   1.8475433e+00
   1.1390000e+03   2.7111214e+00
   1.1400000e+03   2.3289207e+00
   1.1410000e+03   1.7625963e+00
   1.1420000e+03   2.0499575e+00
   1.1430000e+03   2.8423283e+00
   1.1440000e+03   1.0365727e+00
   1.1450000e+03   1.3372501e+00
   1.1460000e+03   1.4446219e+00
   1.1470000e+03   5.4360773e-01
   1.1480000e+03   2.4844621e+00
   1.1490000e+03   2.0061615e+00
   1.1500000e+03   1.1193695e+00
   1.1510000e+03   1.8710534e+00
   1.1520000e+03   2.2782512e+00
   1.1530000e+03   2.1931281e+00
   1.1540000e+03   1.3156487e+00
   1.1550000e+03   2.8861641e+00
   1.1560000e+03   2.5924839e+00
   1.1570000e+03   2.9044075e+00
   1.1580000e+03   2.8807904e+00
   1.1590000e+03   3.1150445e+00
   1.1600000e+03   2.6532179e+00
   1.1610000e+03   3.2178269e+00
   1.1620000e+03   3.2443886e+00
   1.1630000e+03   4.3387745e+00
   1.1640000e+03   3.7285393e+00
   1.1650000e+03   3.6098563e+00
   1.1660000e+03   3.4863846e+00
   1.1670000e+03   3.8135322e+00
   1.1680000e+03   3.9059123e+00
   1.1690000e+03   3.9414933e+00
   1.1700000e+03   4.2756243e+00
   1.1710000e+03   4.1832834e+00
   1.1720000e+03   4.2475774e+00
   1.1730000e+03   4.2661009e+00
   1.1740000e+03   3.1583032e+00
   1.1750000e+03   4.2360630e+00
   1.1760000e+03   4.4661860e+00
   1.1770000e+03   4.4299529e+00
   1.1780000e+03   3.3854341e+00
   1.1790000e+03   4.5432943e+00
   1.1800000e+03   4.1466075e+00
   1.1810000e+03   4.2854259e+00
   1.1820000e+03   3.0524066e+00
   1.1830000e+03   4.1374771e+00
   1.1840000e+03   3.9658491e+00
   1.1850000e+03   3.8528449e+00
   1.1860000e+03   4.5112005e+00
   1.1870000e+03   4.3142404e+00
   1.1880000e+03   3.1806777e+00
   1.1890000e+03   3.9430520e+00
   1.1900000e+03   4.3877927e+00
   1.1910000e+03   4.2435845e+00
   1.1920000e+03   4.4994583e+00
   1.1930000e+03   4.3236859e+00
   1.1940000e+03   4.4651015e+00
   1.1950000e+03   4.2611321e+00
   1.1960000e+03   4.1164813e+00
   1.1970000e+03   4.5539415e+00
   1.1980000e+03   4.1471915e+00
   1.1990000e+03   3.4936786e+00
   1.2000000e+03   4.2907939e+00
   1.2010000e+03   4.1885885e+00
   1.2020000e+03   4.1928796e+00
   1.2030000e+03   4.1660082e+00
   1.2040000e+03   3.4857105e+00
   1.2050000e+03   4.2004242e+00
   1.2060000e+03   4.6229506e+00
   1.2070000e+03   4.1398177e+00
   1.2080000e+03   4.1770646e+00
   1.2090000e+03   3.9955364e+00
   1.2100000e+03   4.3748828e+00
   1.2110000e+03   4.0801691e+00
   1.2120000e+03   4.1091624e+00
   1.2130000e+03   4.5415266e+00
   1.2140000e+03   4.2043043e+00
   1.2150000e+03   4.1476609e+00
   1.2160000e+03   4.5227823e+00
   1.2170000e+03   4.4195148e+00
   1.2180000e+03   4.4623324e+00
   1.2190000e+03   4.3434516e+00
   1.2200000e+03   4.4576297e+00
   1.2210000e+03   4.5315841e+00
   1.2220000e+03   4.4008082e+00
   1.2230000e+03   4.3332783e+00
   1.2240000e+03   4.3765075e+00
   1.2250000e+03   4.5185857e+00
   1.2260000e+03   4.5791345e+00
   1.2270000e+03   4.2408153e+00
   1.2280000e+03   4.5710066e+00
   1.2290000e+03   4.5813018e+00
   1.2300000e+03   4.5151357e+00
   1.2310000e+03   4.6359738e+00
   1.2320000e+03   4.5839398e+00
   1.2330000e+03   4.4675210e+00
   1.2340000e+03   4.6293291e+00
   1.2350000e+03   4.5831305e+00
   1.2360000e+03   4.6267100e+00
   1.2370000e+03   4.5750471e+00
   1.2380000e+03   4.6237478e+00
   1.2390000e+03   4.5757142e+00
   1.2400000e+03   4.5604447e+00
   1.2410000e+03   4.5764632e+00
   1.2420000e+03   4.5852365e+00
   1.2430000e+03   4.5404205e+00
   1.2440000e+03   4.5219309e+00
   1.2450000e+03   4.5383626e+00
   1.2460000e+03   4.5711620e+00
   1.2470000e+03   4.5553443e+00
   1.2480000e+03   4.5707820e+00
   1.2490000e+03   4.5850905e+00
   1.2500000e+03   4.5630653e+00
   1.2510000e+03   4.5223908e+00
   1.2520000e+03   4.5098939e+00
   1.2530000e+03   4.4817698e+00
   1.2540000e+03   4.4447927e+00
   1.2550000e+03   4.5188126e+00
   1.2560000e+03   4.4182953e+00
   1.2570000e+03   4.3728639e+00
   1.2580000e+03   4.4729523e+00
   1.2590000e+03   4.2996528e+00
   1.2600000e+03   4.3417100e+00
   1.2610000e+03   4.1487360e+00
   1.2620000e+03   3.9934157e+00
   1.2630000e+03   4.0422800e+00
   1.2640000e+03   3.7569100e+00
   1.2650000e+03   4.0033316e+00
   1.2660000e+03   3.9017610e+00
   1.2670000e+03   3.9342767e+00
   1.2680000e+03   3.7589446e+00
   1.2690000e+03   2.5085756e+00
   1.2700000e+03   3.9359511e+00
   1.2710000e+03   4.1488171e+00
   1.2720000e+03   4.1576087e+00
   1.2730000e+03   4.1353465e+00
   1.2740000e+03   4.1375304e+00
   1.2750000e+03   4.2037463e+00
   1.2760000e+03   4.2539601e+00
   1.2770000e+03   4.2888808e+00
   1.2780000e+03   4.3696665e+00
   1.2790000e+03   4.3420906e+00
   1.2800000e+03   4.3199213e+00
   1.2810000e+03   4.2341263e+00
   1.2820000e+03   3.8240158e+00
   1.2830000e+03   4.1789818e+00
   1.2840000e+03   4.3206526e+00
   1.2850000e+03   4.3571984e+00
   1.2860000e+03   4.3929360e+00
   1.2870000e+03   4.3454817e+00
   1.2880000e+03   4.3259326e+00
   1.2890000e+03   4.2217914e+00
   1.2900000e+03   4.2604247e+00
   1.2910000e+03   4.3157266e+00
   1.2920000e+03   4.0968757e+00
   1.2930000e+03   4.2686039e+00
   1.2940000e+03   4.1857231e+00
   1.2950000e+03   4.1989138e+00
   1.2960000e+03   4.0419802e+00
   1.2970000e+03   3.8566196e+00
   1.2980000e+03   4.0714298e+00
   1.2990000e+03   4.2472710e+00
   1.3000000e+03   3.6778197e+00
   1.3010000e+03   3.7755597e+00
   1.3020000e+03   4.0843030e+00
   1.3030000e+03   3.6146606e+00
   1.3040000e+03   3.1436387e+00
   1.3050000e+03   4.0112703e+00
   1.3060000e+03   4.0219836e+00
   1.3070000e+03   3.2069005e+00
   1.3080000e+03   3.6372753e+00
   1.3090000e+03   4.0278314e+00
   1.3100000e+03   3.1645620e+00
   1.3110000e+03   3.5070323e+00
   1.3120000e+03   3.5068568e+00
   1.3130000e+03   3.3013894e+00
   1.3140000e+03   3.0404831e+00
   1.3150000e+03   3.0160942e+00
   1.3160000e+03   3.4215433e+00
   1.3170000e+03   3.2982403e+00
   1.3180000e+03   3.5226740e+00
   1.3190000e+03   2.8440634e+00
   1.3200000e+03   2.7426425e+00
   1.3210000e+03   3.1664075e+00
   1.3220000e+03   3.2062547e+00
   1.3230000e+03   2.4749168e+00
   1.3240000e+03   2.7915584e+00
   1.3250000e+03   3.4261199e+00
   1.3260000e+03   2.9869176e+00
   1.3270000e+03   2.8380261e+00
   1.3280000e+03   2.5030249e+00
   1.3290000e+03   1.8987560e+00
   1.3300000e+03   2.4508904e+00
   1.3310000e+03   1.5516997e+00
   1.3320000e+03   1.5634398e+00
   1.3330000e+03   2.1771587e+00
   1.3340000e+03   1.8172764e+00
   1.3350000e+03   2.4815237e+00
   1.3360000e+03   1.9727283e+00
   1.3370000e+03   1.7710864e+00
   1.3380000e+03   1.9176521e+00
   1.3390000e+03   1.9058819e+00
   1.3400000e+03   1.8158200e+00
   1.3410000e+03   1.8399234e+00
   1.3420000e+03   1.9231607e+00
   1.3430000e+03   1.3758001e+00
   1.3440000e+03   8.2007481e-01
   1.3450000e+03   1.1825066e+00
   1.3460000e+03   6.3200517e-01
   1.3470000e+03   6.5351255e-01
   1.3480000e+03   5.1661516e-02
   1.3490000e+03   1.7604911e-01
   1.3500000e+03   1.7472433e-01
   1.3510000e+03   5.0531244e-02
   1.3520000e+03   1.6563975e-02
   1.3530000e+03   1.0505626e-03
   1.3540000e+03   3.1738857e-03
   1.3550000e+03   3.9457445e-05
   1.3560000e+03   5.2678592e-04
   1.3570000e+03   7.8730866e-04
   1.3580000e+03   4.6045009e-05
   1.3590000e+03   8.0676431e-06
   1.3600000e+03   2.3532030e-05
   1.3610000e+03   5.2960409e-08
   1.3620000e+03   1.9905191e-10
   1.3630000e+03   3.4784772e-05
   1.3640000e+03   1.4988715e-05
   1.3650000e+03   1.0018775e-10
   1.3660000e+03   1.4130598e-04
   1.3670000e+03   5.5015907e-05
   1.3680000e+03   1.6359889e-12
   1.3690000e+03   5.7209375e-06
   1.3700000e+03   3.2360050e-06
   1.3710000e+03   2.1883553e-07
   1.3720000e+03   3.0523573e-05
   1.3730000e+03   4.9325597e-04
   1.3740000e+03   1.9920970e-03
   1.3750000e+03   3.5974616e-03
   1.3760000e+03   2.8671610e-03
   1.3770000e+03   1.3673645e-03
   1.3780000e+03   1.2368533e-02
   1.3790000e+03   5.8232256e-04
   1.3800000e+03   9.1150966e-04
   1.3810000e+03   2.6517353e-05
   1.3820000e+03   2.8726184e-05
   1.3830000e+03   4.9294224e-07
   1.3840000e+03   6.9140227e-06
   1.3850000e+03   2.3442628e-05
   1.3860000e+03   2.8307823e-05
   1.3870000e+03   2.2355682e-03
   1.3880000e+03   4.5278306e-05
   1.3890000e+03   6.5392500e-03
   1.3900000e+03   5.5564054e-03
   1.3910000e+03   3.8759853e-03
   1.3920000e+03   2.6829771e-04
   1.3930000e+03   1.3081707e-03
   1.3940000e+03   8.5349578e-04
   1.3950000e+03   7.5932243e-06
   1.3960000e+03   7.1554887e-08
   1.3970000e+03   5.5574203e-04
   1.3980000e+03   1.4403210e-02
   1.3990000e+03   9.2163945e-03
   1.4000000e+03   3.6867361e-08
   1.4010000e+03   1.1963846e-07
   1.4020000e+03   2.0874057e-02
   1.4030000e+03   2.7092202e-02
   1.4040000e+03   8.4186711e-03
   1.4050000e+03   4.1556839e-06
   1.4060000e+03   2.3335156e-02
   1.4070000e+03   1.9937348e-03
   1.4080000e+03   1.8852578e-02
   1.4090000e+03   7.0833038e-03
   1.4100000e+03   5.3413159e-03
   1.4110000e+03   2.4223466e-02
   1.4120000e+03   3.0265394e-02
   1.4130000e+03   2.6791740e-01
   1.4140000e+03   4.1780502e-03
   1.4150000e+03   2.1111361e-03
   1.4160000e+03   4.0895340e-01
   1.4170000e+03   1.3535626e-01
   1.4180000e+03   1.5620028e-01
   1.4190000e+03   2.4724844e-02
   1.4200000e+03   9.5448361e-02
   1.4210000e+03   1.0582272e-01
   1.4220000e+03   5.3500556e-01
   1.4230000e+03   1.0663638e-01
   1.4240000e+03   1.9647515e-01
   1.4250000e+03   2.9939115e-01
   1.4260000e+03   3.2212318e-01
   1.4270000e+03   5.7453308e-01
   1.4280000e+03   5.2935134e-02
   1.4290000e+03   4.4165395e-01
   1.4300000e+03   7.1593587e-01
   1.4310000e+03   5.8346193e-01
   1.4320000e+03   2.9346654e-02
   1.4330000e+03   4.1756338e-01
   1.4340000e+03   2.4449357e-01
   1.4350000e+03   2.4998833e-01
   1.4360000e+03   4.4790938e-01
   1.4370000e+03   3.4926101e-01
   1.4380000e+03   1.5517091e-01
   1.4390000e+03   5.9730577e-01
   1.4400000e+03   4.6384977e-01
   1.4410000e+03   3.7279937e-01
   1.4420000e+03   4.2604223e-01
   1.4430000e+03   5.2897900e-01
   1.4440000e+03   7.2573246e-01
   1.4450000e+03   5.8484725e-01
   1.4460000e+03   2.7178197e-01
   1.4470000e+03   4.2641914e-01
   1.4480000e+03   1.3617574e+00
   1.4490000e+03   1.2032765e+00
   1.4500000e+03   3.2350967e-01
   1.4510000e+03   1.3313555e-01
   1.4520000e+03   7.3672998e-01
   1.4530000e+03   9.6896725e-01
   1.4540000e+03   1.6262024e+00
   1.4550000e+03   7.8312992e-01
   1.4560000e+03   1.0482895e+00
   1.4570000e+03   1.3862929e+00
   1.4580000e+03   1.6171522e+00
   1.4590000e+03   1.9336717e+00
   1.4600000e+03   1.0146046e+00
   1.4610000e+03   1.0729863e+00
   1.4620000e+03   1.5525616e+00
   1.4630000e+03   5.1476923e-01
   1.4640000e+03   1.8069488e+00
   1.4650000e+03   1.1129569e+00
   1.4660000e+03   7.7789017e-01
   1.4670000e+03   4.3063349e-01
   1.4680000e+03   9.1916709e-01
   1.4690000e+03   1.1335867e+00
   1.4700000e+03   5.9451121e-01
   1.4710000e+03   2.1381413e-01
   1.4720000e+03   5.6049660e-01
   1.4730000e+03   8.4154993e-01
   1.4740000e+03   1.1672657e+00
   1.4750000e+03   2.2129801e+00
   1.4760000e+03   8.2623037e-01
   1.4770000e+03   8.3825637e-01
   1.4780000e+03   7.6359456e-01
   1.4790000e+03   1.4435615e+00
   1.4800000e+03   7.3046849e-01
   1.4810000e+03   1.3887078e+00
   1.4820000e+03   7.0549806e-01
   1.4830000e+03   1.7912387e+00
   1.4840000e+03   1.6586393e+00
   1.4850000e+03   1.5099756e+00
   1.4860000e+03   1.4911240e+00
   1.4870000e+03   7.3366246e-01
   1.4880000e+03   1.1396687e+00
   1.4890000e+03   2.2948301e+00
   1.4900000e+03   2.1158291e+00
   1.4910000e+03   2.3949722e+00
   1.4920000e+03   1.9931175e+00
   1.4930000e+03   2.2021829e+00
   1.4940000e+03   2.4712031e+00
   1.4950000e+03   2.2168763e+00
   1.4960000e+03   2.0483412e+00
   1.4970000e+03   2.7768979e+00
   1.4980000e+03   2.3079497e+00
   1.4990000e+03   2.6482039e+00
   1.5000000e+03   3.0508318e+00
   1.5010000e+03   3.2338626e+00
   1.5020000e+03   2.8476749e+00
   1.5030000e+03   2.2572500e+00
   1.5040000e+03   1.9588752e+00
   1.5050000e+03   2.2493121e+00
   1.5060000e+03   3.1494932e+00
   1.5070000e+03   3.1204792e+00
   1.5080000e+03   2.9747331e+00
   1.5090000e+03   2.2911026e+00
   1.5100000e+03   3.3147040e+00
   1.5110000e+03   3.2463161e+00
   1.5120000e+03   3.1985562e+00
   1.5130000e+03   2.9767574e+00
   1.5140000e+03   2.7745258e+00
   1.5150000e+03   3.2668104e+00
   1.5160000e+03   3.1598914e+00
   1.5170000e+03   3.0695618e+00
   1.5180000e+03   3.1064695e+00
   1.5190000e+03   3.0133145e+00
   1.5200000e+03   3.2628578e+00
   1.5210000e+03   3.3945217e+00
   1.5220000e+03   3.2581208e+00
   1.5230000e+03   3.4607109e+00
   1.5240000e+03   3.4058017e+00
   1.5250000e+03   3.2037557e+00
   1.5260000e+03   3.3125908e+00
   1.5270000e+03   3.2498113e+00
   1.5280000e+03   3.4631343e+00
   1.5290000e+03   3.3808165e+00
   1.5300000e+03   3.1693829e+00
   1.5310000e+03   3.3519748e+00
   1.5320000e+03   3.4615743e+00
   1.5330000e+03   3.4483331e+00
   1.5340000e+03   3.3485443e+00
   1.5350000e+03   3.3253293e+00
   1.5360000e+03   3.4244043e+00
   1.5370000e+03   3.4110925e+00
   1.5380000e+03   3.3964754e+00
   1.5390000e+03   3.4105155e+00
   1.5400000e+03   3.3120960e+00
   1.5410000e+03   3.3662712e+00
   1.5420000e+03   3.3715483e+00
   1.5430000e+03   3.4090645e+00
   1.5440000e+03   3.4117900e+00
   1.5450000e+03   3.4758424e+00
   1.5460000e+03   3.4500576e+00
   1.5470000e+03   3.4305710e+00
   1.5480000e+03   3.3529743e+00
   1.5490000e+03   3.4390188e+00
   1.5500000e+03   3.3969412e+00
   1.5510000e+03   3.4078165e+00
   1.5520000e+03   3.4258362e+00
   1.5530000e+03   3.4216846e+00
   1.5540000e+03   3.3409073e+00
   1.5550000e+03   3.3791815e+00
   1.5560000e+03   3.3246628e+00
   1.5570000e+03   3.4220405e+00
   1.5580000e+03   3.3971579e+00
   1.5590000e+03   3.3942575e+00
   1.5600000e+03   3.3660606e+00
   1.5610000e+03   3.4231356e+00
   1.5620000e+03   3.3941322e+00
   1.5630000e+03   3.3850725e+00
   1.5640000e+03   3.3360056e+00
   1.5650000e+03   3.3969892e+00
   1.5660000e+03   3.3377852e+00
   1.5670000e+03   3.3477734e+00
   1.5680000e+03   3.2753538e+00
   1.5690000e+03   3.2432220e+00
   1.5700000e+03   3.0827360e+00
   1.5710000e+03   2.9997610e+00
   1.5720000e+03   3.0355624e+00
   1.5730000e+03   2.9904352e+00
   1.5740000e+03   3.0862496e+00
   1.5750000e+03   3.0658358e+00
   1.5760000e+03   3.1581275e+00
   1.5770000e+03   2.7666305e+00
   1.5780000e+03   3.0136547e+00
   1.5790000e+03   3.0354888e+00
   1.5800000e+03   3.1386803e+00
   1.5810000e+03   3.1925884e+00
   1.5820000e+03   3.1077525e+00
   1.5830000e+03   3.1815468e+00
   1.5840000e+03   3.2024851e+00
   1.5850000e+03   3.3291428e+00
   1.5860000e+03   3.2918806e+00
   1.5870000e+03   3.2596082e+00
   1.5880000e+03   3.2363162e+00
   1.5890000e+03   2.9965532e+00
   1.5900000e+03   3.1205450e+00
   1.5910000e+03   3.1247678e+00
   1.5920000e+03   3.2596342e+00
   1.5930000e+03   3.3402219e+00
   1.5940000e+03   3.3154118e+00
   1.5950000e+03   3.3432160e+00
   1.5960000e+03   3.1676636e+00
   1.5970000e+03   3.2008764e+00
   1.5980000e+03   3.2974248e+00
   1.5990000e+03   3.1415490e+00
   1.6000000e+03   3.0929736e+00
   1.6010000e+03   2.9019851e+00
   1.6020000e+03   2.9157122e+00
   1.6030000e+03   2.9155229e+00
   1.6040000e+03   2.9752462e+00
   1.6050000e+03   3.0861421e+00
   1.6060000e+03   3.1475179e+00
   1.6070000e+03   3.0398980e+00
   1.6080000e+03   3.0022842e+00
   1.6090000e+03   2.9698650e+00
   1.6100000e+03   2.8449745e+00
   1.6110000e+03   2.9669600e+00
   1.6120000e+03   3.0203944e+00
   1.6130000e+03   3.1065120e+00
   1.6140000e+03   3.1239484e+00
   1.6150000e+03   3.1607030e+00
   1.6160000e+03   3.0242431e+00
   1.6170000e+03   3.0805697e+00
   1.6180000e+03   3.1990242e+00
   1.6190000e+03   3.1678549e+00
   1.6200000e+03   3.0842544e+00
   1.6210000e+03   3.0837200e+00
   1.6220000e+03   3.1284538e+00
   1.6230000e+03   3.1952117e+00
   1.6240000e+03   3.2003017e+00
   1.6250000e+03   3.1380422e+00
   1.6260000e+03   3.1651105e+00
   1.6270000e+03   3.1811970e+00
   1.6280000e+03   3.1896823e+00
   1.6290000e+03   3.1930028e+00
   1.6300000e+03   3.1306714e+00
   1.6310000e+03   3.1533088e+00
   1.6320000e+03   3.1572878e+00
   1.6330000e+03   3.0859426e+00
   1.6340000e+03   3.0897439e+00
   1.6350000e+03   3.1031117e+00
   1.6360000e+03   3.1278406e+00
   1.6370000e+03   3.0182638e+00
   1.6380000e+03   2.9282615e+00
   1.6390000e+03   2.9323776e+00
   1.6400000e+03   2.8660546e+00
   1.6410000e+03   2.9274538e+00
   1.6420000e+03   2.9455661e+00
   1.6430000e+03   2.8748671e+00
   1.6440000e+03   2.9856972e+00
   1.6450000e+03   2.9164442e+00
   1.6460000e+03   2.9087263e+00
   1.6470000e+03   3.0464734e+00
   1.6480000e+03   2.8998663e+00
   1.6490000e+03   2.9297368e+00
   1.6500000e+03   3.0198960e+00
   1.6510000e+03   2.7980837e+00
   1.6520000e+03   3.0031252e+00
   1.6530000e+03   2.9920967e+00
   1.6540000e+03   2.9013018e+00
   1.6550000e+03   2.9899083e+00
   1.6560000e+03   2.9744169e+00
   1.6570000e+03   2.9926907e+00
   1.6580000e+03   3.0301043e+00
   1.6590000e+03   2.9825781e+00
   1.6600000e+03   3.0130905e+00
   1.6610000e+03   3.0222621e+00
   1.6620000e+03   2.9600556e+00
   1.6630000e+03   3.0058897e+00
   1.6640000e+03   2.9893423e+00
   1.6650000e+03   2.8671689e+00
   1.6660000e+03   2.4239462e+00
   1.6670000e+03   2.8559862e+00
   1.6680000e+03   2.9105268e+00
   1.6690000e+03   2.9203610e+00
   1.6700000e+03   3.0105877e+00
   1.6710000e+03   2.9734317e+00
   1.6720000e+03   2.8757300e+00
   1.6730000e+03   2.9431580e+00
   1.6740000e+03   2.9379228e+00
   1.6750000e+03   2.9104238e+00
   1.6760000e+03   2.8828899e+00
   1.6770000e+03   2.8963816e+00
   1.6780000e+03   2.8556215e+00
   1.6790000e+03   2.9100782e+00
   1.6800000e+03   2.8101696e+00
   1.6810000e+03   2.6599914e+00
   1.6820000e+03   2.7872311e+00
   1.6830000e+03   2.8630054e+00
   1.6840000e+03   2.7135695e+00
   1.6850000e+03   2.9235753e+00
   1.6860000e+03   2.8848747e+00
   1.6870000e+03   2.8125744e+00
   1.6880000e+03   2.8867452e+00
   1.6890000e+03   2.8479479e+00
   1.6900000e+03   2.8232250e+00
   1.6910000e+03   2.6577278e+00
   1.6920000e+03   2.8524408e+00
   1.6930000e+03   2.9125560e+00
   1.6940000e+03   2.8241033e+00
   1.6950000e+03   2.8933339e+00
   1.6960000e+03   2.8888050e+00
   1.6970000e+03   2.5028004e+00
   1.6980000e+03   2.8672383e+00
   1.6990000e+03   2.8429452e+00
   1.7000000e+03   2.7650646e+00
   1.7020000e+03   2.8266309e+00
   1.7050000e+03   2.7462688e+00
   1.7100000e+03   2.6172850e+00
   1.7150000e+03   2.6498745e+00
   1.7200000e+03   2.6203735e+00
   1.7250000e+03   2.5034457e+00
   1.7300000e+03   2.4546099e+00
   1.7350000e+03   2.2846772e+00
   1.7400000e+03   2.3853370e+00
   1.7450000e+03   2.2026243e+00
   1.7500000e+03   2.3635099e+00
   1.7550000e+03   2.1897286e+00
   1.7600000e+03   2.2955364e+00
   1.7650000e+03   1.9125310e+00
   1.7700000e+03   2.0457432e+00
   1.7750000e+03   1.6631999e+00
   1.7800000e+03   1.4598344e+00
   1.7850000e+03   1.1217242e+00
   1.7900000e+03   1.2988294e+00
   1.7950000e+03   6.8795598e-01
   1.8000000e+03   4.6797721e-01
   1.8050000e+03   2.1848417e-01
   1.8100000e+03   1.4332999e-01
   1.8150000e+03   4.8675589e-02
   1.8200000e+03   1.4688379e-02
   1.8250000e+03   1.9006832e-02
   1.8300000e+03   7.7832147e-05
   1.8350000e+03   9.6274067e-05
   1.8400000e+03   9.4311493e-07
   1.8450000e+03   9.4507645e-05
   1.8500000e+03   4.5370598e-05
   1.8550000e+03   4.3085869e-06
   1.8600000e+03   1.6973048e-04
   1.8650000e+03   2.5939453e-04
   1.8700000e+03   4.0860563e-09
   1.8750000e+03   6.9404887e-09
   1.8800000e+03   1.1959087e-03
   1.8850000e+03   6.7936788e-04
   1.8900000e+03   3.4676822e-03
   1.8950000e+03   2.0179257e-03
   1.9000000e+03   1.3482406e-05
   1.9050000e+03   8.8825545e-06
   1.9100000e+03   3.6272763e-04
   1.9150000e+03   3.1482096e-04
   1.9200000e+03   7.1319294e-03
   1.9250000e+03   1.4851798e-02
   1.9300000e+03   8.7855882e-03
   1.9350000e+03   5.7286445e-02
   1.9400000e+03   5.2455888e-02
   1.9450000e+03   1.7402501e-01
   1.9500000e+03   2.6857698e-01
   1.9550000e+03   1.6150711e-01
   1.9600000e+03   3.5327292e-01
   1.9650000e+03   4.6164641e-01
   1.9700000e+03   7.9109579e-01
   1.9750000e+03   1.1013174e+00
   1.9800000e+03   1.2282657e+00
   1.9850000e+03   1.3539667e+00
   1.9900000e+03   1.3989341e+00
   1.9950000e+03   1.3301460e+00
   2.0000000e+03   6.2658687e-01
   2.0050000e+03   2.4708269e-01
   2.0100000e+03   6.5625837e-01
   2.0150000e+03   4.4129926e-01
   2.0200000e+03   7.4675981e-01
   2.0250000e+03   1.2315594e+00
   2.0300000e+03   1.4157895e+00
   2.0350000e+03   1.6122548e+00
   2.0400000e+03   1.5060226e+00
   2.0450000e+03   1.5317929e+00
   2.0500000e+03   1.1459148e+00
   2.0550000e+03   9.2886602e-01
   2.0600000e+03   1.1732808e+00
   2.0650000e+03   1.0519704e+00
   2.0700000e+03   1.1194368e+00
   2.0750000e+03   1.3231082e+00
   2.0800000e+03   1.4866061e+00
   2.0850000e+03   1.4608911e+00
   2.0900000e+03   1.5330672e+00
   2.0950000e+03   1.5479742e+00
   2.1000000e+03   1.4893359e+00
   2.1050000e+03   1.6142910e+00
   2.1100000e+03   1.5572767e+00
   2.1150000e+03   1.5961028e+00
   2.1200000e+03   1.5285347e+00
   2.1250000e+03   1.5502879e+00
   2.1300000e+03   1.5738531e+00
   2.1350000e+03   1.5821328e+00
   2.1400000e+03   1.5985528e+00
   2.1450000e+03   1.5797385e+00
   2.1500000e+03   1.4978465e+00
   2.1550000e+03   1.5048775e+00
   2.1600000e+03   1.4965644e+00
   2.1650000e+03   1.3600523e+00
   2.1700000e+03   1.4647596e+00
   2.1750000e+03   1.4405262e+00
   2.1800000e+03   1.4682487e+00
   2.1850000e+03   1.3412657e+00
   2.1900000e+03   1.4257183e+00
   2.1950000e+03   1.4276527e+00
   2.2000000e+03   1.2901178e+00
   2.2050000e+03   1.3441270e+00
   2.2100000e+03   1.4437064e+00
   2.2150000e+03   1.3917214e+00
   2.2200000e+03   1.4216141e+00
   2.2250000e+03   1.3833345e+00
   2.2300000e+03   1.3925368e+00
   2.2350000e+03   1.3688206e+00
   2.2400000e+03   1.3503565e+00
   2.2450000e+03   1.3115539e+00
   2.2500000e+03   1.3355897e+00
   2.2550000e+03   1.2599974e+00
   2.2600000e+03   1.2491558e+00
   2.2650000e+03   1.2748595e+00
   2.2700000e+03   1.2166497e+00
   2.2750000e+03   1.2035694e+00
   2.2800000e+03   1.2489310e+00
   2.2850000e+03   1.1912927e+00
   2.2900000e+03   1.1966743e+00
   2.2950000e+03   1.1622541e+00
   2.3000000e+03   1.1184662e+00
   2.3050000e+03   1.1276585e+00
   2.3100000e+03   1.2197694e+00
   2.3150000e+03   1.1128959e+00
   2.3200000e+03   9.9822102e-01
   2.3250000e+03   1.0807495e+00
   2.3300000e+03   1.0948535e+00
   2.3350000e+03   1.1192715e+00
   2.3400000e+03   8.8709599e-01
   2.3450000e+03   9.9682820e-01
   2.3500000e+03   8.0740684e-01
   2.3550000e+03   9.2470273e-01
   2.3600000e+03   9.8062357e-01
   2.3650000e+03   9.6659423e-01
   2.3700000e+03   6.0432666e-01
   2.3750000e+03   8.6737933e-01
   2.3800000e+03   8.3786118e-01
   2.3850000e+03   6.0837075e-01
   2.3900000e+03   7.3393209e-01
   2.3950000e+03   8.0453517e-01
   2.4000000e+03   8.7695086e-01
   2.4050000e+03   6.6896124e-01
   2.4100000e+03   6.7474235e-01
   2.4150000e+03   5.4605589e-01
   2.4200000e+03   5.3303053e-01
   2.4250000e+03   6.6471631e-01
   2.4300000e+03   9.0819873e-01
   2.4350000e+03   3.0043926e-01
   2.4400000e+03   8.7525483e-01
   2.4450000e+03   4.2205629e-01
   2.4500000e+03   2.7686203e-01
   2.4550000e+03   5.0662287e-01
   2.4600000e+03   6.8160788e-01
   2.4650000e+03   4.9455576e-01
   2.4700000e+03   3.4335551e-01
   2.4750000e+03   3.3852838e-01
   2.4800000e+03   1.6578461e-01
   2.4850000e+03   1.1595676e-01
   2.4900000e+03   7.2737399e-02
   2.4950000e+03   5.9727449e-02
   2.5000000e+03   1.4692393e-01
   2.5050000e+03   3.1659107e-02
   2.5100000e+03   4.6276718e-02
   2.5150000e+03   1.0853808e-02
   2.5200000e+03   7.7661173e-03
   2.5250000e+03   8.6919980e-04
   2.5300000e+03   1.3378407e-05
   2.5350000e+03   3.6891449e-06
   2.5400000e+03   7.9640209e-06
   2.5450000e+03   1.1371405e-09
   2.5500000e+03   5.9806029e-12
   2.5550000e+03   2.2155777e-08
   2.5600000e+03   6.5979158e-10
   2.5650000e+03   3.3964974e-13
   2.5700000e+03   3.2538587e-17
   2.5750000e+03   2.3041453e-26
   2.5800000e+03   8.1782647e-21
   2.5850000e+03   3.6860877e-33
   2.5900000e+03   1.1767261e-29
   2.5950000e+03   4.9151470e-32
   2.6000000e+03   9.6806342e-27
   2.6050000e+03   1.2537015e-33
   2.6100000e+03   1.2861627e-32
   2.6150000e+03   2.4269098e-36
   2.6200000e+03   1.2272913e-27
   2.6250000e+03   8.4185232e-27
   2.6300000e+03   6.1594387e-44
   2.6350000e+03   8.5256798e-15
   2.6400000e+03   2.5716685e-15
   2.6450000e+03   1.9736153e-17
   2.6500000e+03   3.1414496e-18
   2.6550000e+03   2.8922321e-26
   2.6600000e+03   5.7526795e-24
   2.6650000e+03   2.4597287e-36
   2.6700000e+03   0.0000000e+00
   2.6750000e+03   0.0000000e+00
   2.6800000e+03   0.0000000e+00
   2.6850000e+03   0.0000000e+00
   2.6900000e+03   2.2879103e-28
   2.6950000e+03   1.5992892e-31
   2.7000000e+03   0.0000000e+00
   2.7050000e+03   6.6169640e-41
   2.7100000e+03   2.5451960e-34
   2.7150000e+03   8.7459546e-25
   2.7200000e+03   1.2740436e-43
   2.7250000e+03   1.6644567e-20
   2.7300000e+03   1.3899877e-17
   2.7350000e+03   1.2597915e-19
   2.7400000e+03   5.3658656e-26
   2.7450000e+03   3.0333984e-22
   2.7500000e+03   3.8510499e-27
   2.7550000e+03   1.5485158e-42
   2.7600000e+03   0.0000000e+00
   2.7650000e+03   6.2387740e-26
   2.7700000e+03   1.9566116e-22
   2.7750000e+03   9.3591932e-37
   2.7800000e+03   1.1274499e-32
   2.7850000e+03   9.1357551e-26
   2.7900000e+03   2.8665334e-15
   2.7950000e+03   8.5463438e-15
   2.8000000e+03   3.8993087e-11
   2.8050000e+03   1.5992626e-12
   2.8100000e+03   9.5559010e-09
   2.8150000e+03   6.8260607e-09
   2.8200000e+03   4.8989948e-10
   2.8250000e+03   4.2053696e-06
   2.8300000e+03   9.3353981e-05
   2.8350000e+03   5.1013118e-09
   2.8400000e+03   4.7106544e-06
   2.8450000e+03   9.7650290e-04
   2.8500000e+03   2.7883792e-05
   2.8550000e+03   1.0837405e-05
   2.8600000e+03   6.1355006e-04
   2.8650000e+03   4.0638072e-03
   2.8700000e+03   1.5330507e-04
   2.8750000e+03   9.5290077e-03
   2.8800000e+03   6.0255826e-03
   2.8850000e+03   1.1067245e-02
   2.8900000e+03   4.5547422e-03
   2.8950000e+03   6.5275014e-02
   2.9000000e+03   1.9916098e-02
   2.9050000e+03   2.7278519e-03
   2.9100000e+03   6.7033363e-02
   2.9150000e+03   3.1038479e-02
   2.9200000e+03   7.1533888e-02
   2.9250000e+03   2.6821034e-02
   2.9300000e+03   1.4594253e-01
   2.9350000e+03   1.6119923e-01
   2.9400000e+03   4.0485775e-02
   2.9450000e+03   3.6110083e-02
   2.9500000e+03   1.3049360e-01
   2.9550000e+03   5.8412354e-02
   2.9600000e+03   1.1514003e-01
   2.9650000e+03   1.8660313e-01
   2.9700000e+03   8.8543538e-03
   2.9750000e+03   2.1504152e-02
   2.9800000e+03   3.3737719e-02
   2.9850000e+03   1.7584374e-01
   2.9900000e+03   2.6002854e-01
   2.9950000e+03   1.0833494e-01
   3.0000000e+03   1.9915705e-01
   3.0050000e+03   7.3478098e-02
   3.0100000e+03   1.7436099e-01
   3.0150000e+03   1.4167562e-01
   3.0200000e+03   1.6187526e-02
   3.0250000e+03   1.9198442e-01
   3.0300000e+03   1.5569636e-01
   3.0350000e+03   6.4140419e-02
   3.0400000e+03   5.2044665e-02
   3.0450000e+03   1.0839543e-01
   3.0500000e+03   2.6624051e-02
   3.0550000e+03   7.4787495e-03
   3.0600000e+03   1.6304250e-01
   3.0650000e+03   7.5449785e-02
   3.0700000e+03   4.5405804e-02
   3.0750000e+03   1.5656198e-01
   3.0800000e+03   9.4319516e-02
   3.0850000e+03   4.6083959e-02
   3.0900000e+03   6.2178355e-02
   3.0950000e+03   1.7138613e-02
   3.1000000e+03   1.1531155e-01
   3.1050000e+03   2.4183311e-02
   3.1100000e+03   2.2226581e-02
   3.1150000e+03   5.9693116e-02
   3.1200000e+03   2.5888201e-01
   3.1250000e+03   7.9974289e-02
   3.1300000e+03   1.5234728e-01
   3.1350000e+03   3.0313264e-01
   3.1400000e+03   8.8172259e-02
   3.1450000e+03   8.6383622e-02
   3.1500000e+03   1.7756683e-01
   3.1550000e+03   1.5018679e-01
   3.1600000e+03   2.4635709e-01
   3.1650000e+03   3.7458746e-01
   3.1700000e+03   3.3496726e-01
   3.1750000e+03   2.4741507e-01
   3.1800000e+03   2.8513538e-01
   3.1850000e+03   2.1729913e-01
   3.1900000e+03   1.1413824e-01
   3.1950000e+03   7.2613293e-02
   3.2000000e+03   1.1840822e-02
   3.2050000e+03   8.3775889e-03
   3.2100000e+03   3.6931773e-03
   3.2150000e+03   1.3496742e-02
   3.2200000e+03   4.3711917e-02
   3.2250000e+03   5.4077275e-03
   3.2300000e+03   9.2861507e-03
   3.2350000e+03   1.9903244e-01
   3.2400000e+03   1.0238701e-01
   3.2450000e+03   2.0092489e-02
   3.2500000e+03   7.1448886e-02
   3.2550000e+03   2.7279279e-01
   3.2600000e+03   3.3671335e-02
   3.2650000e+03   6.7353191e-02
   3.2700000e+03   3.3588806e-02
   3.2750000e+03   1.6354287e-01
   3.2800000e+03   7.9185498e-02
   3.2850000e+03   3.0808362e-01
   3.2900000e+03   2.4278958e-01
   3.2950000e+03   3.3969508e-02
   3.3000000e+03   4.9483165e-02
   3.3050000e+03   1.0977139e-01
   3.3100000e+03   1.0943681e-01
   3.3150000e+03   4.5068039e-04
   3.3200000e+03   1.6783750e-03
   3.3250000e+03   9.8599103e-02
   3.3300000e+03   1.3082649e-01
   3.3350000e+03   2.5491699e-01
   3.3400000e+03   9.7416718e-02
   3.3450000e+03   9.9851859e-02
   3.3500000e+03   2.2674795e-01
   3.3550000e+03   1.0272969e-01
   3.3600000e+03   1.4850926e-01
   3.3650000e+03   2.0412308e-01
   3.3700000e+03   1.1199787e-01
   3.3750000e+03   2.4082129e-01
   3.3800000e+03   1.4581178e-01
   3.3850000e+03   2.1398921e-01
   3.3900000e+03   2.8201613e-01
   3.3950000e+03   2.7362027e-01
   3.4000000e+03   3.5907200e-01
   3.4050000e+03   1.2821600e-01
   3.4100000e+03   2.0387786e-01
   3.4150000e+03   2.0987288e-01
   3.4200000e+03   3.8024652e-01
   3.4250000e+03   2.8941558e-01
   3.4300000e+03   2.5168792e-01
   3.4350000e+03   3.3506842e-01
   3.4400000e+03   2.3336574e-01
   3.4450000e+03   3.2916351e-01
   3.4500000e+03   3.2482665e-01
   3.4550000e+03   2.4234326e-01
   3.4600000e+03   3.6595792e-01
   3.4650000e+03   2.8712907e-01
   3.4700000e+03   3.5915740e-01
   3.4750000e+03   3.2090808e-01
   3.4800000e+03   3.2962871e-01
   3.4850000e+03   3.5564266e-01
   3.4900000e+03   3.0680712e-01
   3.4950000e+03   3.6165737e-01
   3.5000000e+03   3.5190881e-01
   3.5050000e+03   3.4921898e-01
   3.5100000e+03   3.5423417e-01
   3.5150000e+03   3.4066907e-01
   3.5200000e+03   3.5962620e-01
   3.5250000e+03   3.3942901e-01
   3.5300000e+03   3.3088394e-01
   3.5350000e+03   2.8153304e-01
   3.5400000e+03   2.6922874e-01
   3.5450000e+03   2.8484452e-01
   3.5500000e+03   3.1492964e-01
   3.5550000e+03   2.7106469e-01
   3.5600000e+03   3.2343254e-01
   3.5650000e+03   3.2555509e-01
   3.5700000e+03   2.5044846e-01
   3.5750000e+03   2.5999160e-01
   3.5800000e+03   3.0679124e-01
   3.5850000e+03   2.7645880e-01
   3.5900000e+03   2.8543333e-01
   3.5950000e+03   2.9239196e-01
   3.6000000e+03   3.1070125e-01
   3.6050000e+03   3.1405492e-01
   3.6100000e+03   2.8774750e-01
   3.6150000e+03   2.8794364e-01
   3.6200000e+03   3.5350757e-01
   3.6250000e+03   3.1207130e-01
   3.6300000e+03   3.0382619e-01
   3.6350000e+03   3.1475473e-01
   3.6400000e+03   3.5129343e-01
   3.6450000e+03   3.2478892e-01
   3.6500000e+03   3.1059387e-01
   3.6550000e+03   3.3725577e-01
   3.6600000e+03   3.3575971e-01
   3.6650000e+03   3.1585173e-01
   3.6700000e+03   2.4370293e-01
   3.6750000e+03   1.4915602e-01
   3.6800000e+03   2.5766717e-01
   3.6850000e+03   2.9225061e-01
   3.6900000e+03   3.0051637e-01
   3.6950000e+03   3.1457749e-01
   3.7000000e+03   3.3816153e-01
   3.7050000e+03   3.3521282e-01
   3.7100000e+03   2.9182751e-01
   3.7150000e+03   2.8787770e-01
   3.7200000e+03   3.2419766e-01
   3.7250000e+03   3.3465661e-01
   3.7300000e+03   2.9040530e-01
   3.7350000e+03   2.6923054e-01
   3.7400000e+03   2.7791371e-01
   3.7450000e+03   3.2484295e-01
   3.7500000e+03   2.9250142e-01
   3.7550000e+03   2.8346214e-01
   3.7600000e+03   2.7977064e-01
   3.7650000e+03   2.7023208e-01
   3.7700000e+03   2.8873096e-01
   3.7750000e+03   2.8680789e-01
   3.7800000e+03   3.0373965e-01
   3.7850000e+03   2.7991335e-01
   3.7900000e+03   2.4668955e-01
   3.7950000e+03   2.8242246e-01
   3.8000000e+03   3.1433332e-01
   3.8050000e+03   2.9702356e-01
   3.8100000e+03   2.6352841e-01
   3.8150000e+03   2.4824028e-01
   3.8200000e+03   3.0934796e-01
   3.8250000e+03   3.0493915e-01
   3.8300000e+03   3.0810943e-01
   3.8350000e+03   2.4737208e-01
   3.8400000e+03   2.8901233e-01
   3.8450000e+03   2.8306210e-01
   3.8500000e+03   2.8494874e-01
   3.8550000e+03   2.7499734e-01
   3.8600000e+03   2.5868408e-01
   3.8650000e+03   2.6241366e-01
   3.8700000e+03   2.3879270e-01
   3.8750000e+03   2.1964969e-01
   3.8800000e+03   2.1251144e-01
   3.8850000e+03   2.2052170e-01
   3.8900000e+03   2.2438776e-01
   3.8950000e+03   2.4405884e-01
   3.9000000e+03   2.5905083e-01
   3.9050000e+03   2.5942536e-01
   3.9100000e+03   2.3381446e-01
   3.9150000e+03   2.2923881e-01
   3.9200000e+03   2.2820491e-01
   3.9250000e+03   2.2537677e-01
   3.9300000e+03   2.3218282e-01
   3.9350000e+03   2.4248775e-01
   3.9400000e+03   2.4439271e-01
   3.9450000e+03   2.4926870e-01
   3.9500000e+03   2.5242993e-01
   3.9550000e+03   2.5580328e-01
   3.9600000e+03   2.5705324e-01
   3.9650000e+03   2.5927966e-01
   3.9700000e+03   2.5543981e-01
   3.9750000e+03   2.5005815e-01
   3.9800000e+03   2.4627852e-01
   3.9850000e+03   2.4809977e-01
   3.9900000e+03   2.4638050e-01
   3.9950000e+03   2.4124429e-01
   4.0000000e+03   2.3798970e-01
